        Frequency / GHz                S2,1/abs,dB
----------------------------------------------------------------------
                       2                     -0.15083819
               2.0079999                     -0.14937551
                   2.016                     -0.14766323
               2.0239999                      -0.1457675
               2.0320001                     -0.14375743
                    2.04                     -0.14170368
               2.0480001                     -0.13967643
                   2.056                     -0.13774436
               2.0639999                     -0.13597623
                   2.072                     -0.13443074
               2.0799999                      -0.1331662
               2.0880001                     -0.13223088
                   2.096                     -0.13166691
               2.1040001                     -0.13150728
                   2.112                      -0.1317744
               2.1199999                     -0.13248382
                   2.128                     -0.13363981
               2.1359999                     -0.13523668
               2.1440001                     -0.13725911
                   2.152                     -0.13968526
               2.1600001                     -0.14248158
                   2.168                     -0.14560919
               2.1760001                     -0.14902024
                   2.184                     -0.15266452
               2.1919999                     -0.15648541
                     2.2                     -0.16042306
               2.2079999                     -0.16441645
               2.2160001                     -0.16840494
                   2.224                     -0.17232672
               2.2320001                     -0.17612452
                    2.24                     -0.17974322
               2.2479999                      -0.1831332
                   2.256                     -0.18625185
               2.2639999                     -0.18906036
               2.2720001                     -0.19153115
                    2.28                     -0.19364211
               2.2880001                     -0.19538204
                   2.296                     -0.19674466
               2.3039999                     -0.19773722
                   2.312                     -0.19837229
               2.3199999                     -0.19867337
               2.3280001                     -0.19866805
                   2.336                     -0.19839387
               2.3440001                     -0.19789154
                   2.352                     -0.19720802
               2.3599999                      -0.1963955
                   2.368                      -0.1955059
               2.3759999                     -0.19459412
               2.3840001                     -0.19371458
                   2.392                      -0.1929213
               2.4000001                     -0.19226455
                   2.408                     -0.19179275
               2.4159999                     -0.19154841
                   2.424                     -0.19157004
               2.4319999                     -0.19188874
               2.4400001                     -0.19253079
                   2.448                      -0.1935145
               2.4560001                     -0.19484926
                   2.464                     -0.19653899
               2.4719999                     -0.19857798
                    2.48                     -0.20095485
               2.4879999                     -0.20365048
               2.4960001                      -0.2066385
               2.5039999                     -0.20988778
               2.5120001                     -0.21336016
                    2.52                     -0.21701622
               2.5280001                     -0.22080923
                   2.536                     -0.22469227
               2.5439999                     -0.22861712
                   2.552                     -0.23253489
               2.5599999                     -0.23639612
               2.5680001                     -0.24015682
                   2.576                     -0.24377156
               2.5840001                     -0.24720179
                   2.592                     -0.25041301
               2.5999999                     -0.25337575
                   2.608                     -0.25606705
               2.6159999                      -0.2584699
               2.6240001                     -0.26057484
                   2.632                     -0.26237973
               2.6400001                     -0.26388953
                   2.648                     -0.26511454
               2.6559999                     -0.26607443
                   2.664                     -0.26679153
               2.6719999                     -0.26729719
               2.6800001                     -0.26762632
                   2.688                     -0.26781596
               2.6960001                     -0.26790919
                   2.704                     -0.26794904
               2.7119999                     -0.26798097
                    2.72                     -0.26804965
               2.7279999                     -0.26819922
               2.7360001                     -0.26847289
                   2.744                     -0.26890953
               2.7520001                     -0.26954461
                    2.76                     -0.27041045
               2.7679999                     -0.27153306
                   2.776                     -0.27293367
               2.7839999                     -0.27462705
               2.7920001                      -0.2766224
                     2.8                     -0.27892238
               2.8080001                     -0.28152231
                   2.816                     -0.28441159
               2.8239999                     -0.28757526
                   2.832                     -0.29098994
               2.8399999                     -0.29463004
                   2.848                     -0.29846395
               2.8559999                     -0.30245561
               2.8640001                     -0.30656728
                   2.872                     -0.31075911
               2.8800001                     -0.31498959
                   2.888                     -0.31921685
               2.8959999                     -0.32339908
                   2.904                      -0.3274971
               2.9119999                     -0.33147491
               2.9200001                     -0.33529773
                   2.928                     -0.33893495
               2.9360001                      -0.3423641
                   2.944                     -0.34556282
               2.9519999                       -0.348519
                    2.96                     -0.35122321
               2.9679999                     -0.35367452
               2.9760001                     -0.35587623
                   2.984                     -0.35783962
               2.9920001                     -0.35958022
                       3                     -0.36112004
               3.0079999                     -0.36248532
                   3.016                     -0.36370698
               3.0239999                     -0.36481981
               3.0320001                     -0.36586002
                    3.04                     -0.36686758
               3.0480001                     -0.36788252
                   3.056                     -0.36894609
               3.0639999                     -0.37009798
                   3.072                     -0.37137544
               3.0799999                     -0.37281604
               3.0880001                     -0.37445067
                   3.096                     -0.37631031
               3.1040001                     -0.37841897
                   3.112                     -0.38079565
               3.1199999                     -0.38345576
                   3.128                     -0.38640653
               3.1359999                     -0.38965261
               3.1440001                     -0.39319058
                   3.152                     -0.39701218
               3.1600001                     -0.40110202
                   3.168                     -0.40544292
               3.1760001                     -0.41000995
                   3.184                     -0.41477493
               3.1919999                     -0.41970638
                     3.2                     -0.42477068
               3.2079999                     -0.42993061
               3.2160001                     -0.43514797
                   3.224                     -0.44038637
               3.2320001                     -0.44560742
                    3.24                     -0.45077509
               3.2479999                     -0.45585513
                   3.256                     -0.46081642
               3.2639999                     -0.46563309
               3.2720001                     -0.47028105
                    3.28                     -0.47474339
               3.2880001                     -0.47900757
                   3.296                     -0.48306572
               3.3039999                     -0.48691757
                   3.312                     -0.49056895
               3.3199999                     -0.49402989
               3.3280001                     -0.49731769
                   3.336                     -0.50045404
               3.3440001                     -0.50346526
                   3.352                      -0.5063832
               3.3599999                     -0.50924362
                   3.368                     -0.51208304
               3.3759999                      -0.5149424
               3.3840001                     -0.51786313
                   3.392                     -0.52088751
               3.4000001                     -0.52405614
                   3.408                     -0.52741045
               3.4159999                     -0.53098867
                   3.424                     -0.53482604
               3.4319999                     -0.53895526
               3.4400001                     -0.54340381
                   3.448                     -0.54819549
               3.4560001                     -0.55334809
                   3.464                     -0.55887524
               3.4719999                     -0.56478364
                    3.48                      -0.5710741
               3.4879999                     -0.57774387
               3.4960001                     -0.58478303
               3.5039999                     -0.59217677
               3.5120001                     -0.59990529
                    3.52                     -0.60794507
               3.5280001                     -0.61626898
                   3.536                     -0.62484614
               3.5439999                     -0.63364548
                   3.552                     -0.64263208
               3.5599999                     -0.65177208
               3.5680001                     -0.66103242
                   3.576                     -0.67037991
               3.5840001                      -0.6797853
                   3.592                     -0.68922229
               3.5999999                     -0.69866756
                   3.608                     -0.70810327
               3.6159999                     -0.71751649
               3.6240001                     -0.72690104
                   3.632                     -0.73625822
               3.6400001                     -0.74559297
                   3.648                     -0.75491938
               3.6559999                     -0.76425713
                   3.664                     -0.77363443
               3.6719999                     -0.78308413
               3.6800001                     -0.79264803
                   3.688                     -0.80236984
               3.6960001                     -0.81230088
                   3.704                     -0.82249667
               3.7119999                     -0.83301592
                    3.72                     -0.84392135
               3.7279999                     -0.85527421
               3.7360001                     -0.86714079
                   3.744                      -0.8795847
               3.7520001                     -0.89267002
                    3.76                     -0.90645917
               3.7679999                     -0.92101173
                   3.776                     -0.93638346
               3.7839999                     -0.95262843
               3.7920001                     -0.96979627
                     3.8                     -0.98792824
               3.8080001                      -1.0070668
                   3.816                      -1.0272451
               3.8239999                      -1.0484913
                   3.832                      -1.0708323
               3.8399999                      -1.0942858
                   3.848                      -1.1188713
               3.8559999                      -1.1445999
               3.8640001                      -1.1714823
                   3.872                      -1.1995261
               3.8800001                      -1.2287421
                   3.888                      -1.2591373
               3.8959999                      -1.2907213
                   3.904                      -1.3235095
               3.9119999                       -1.357517
               3.9200001                      -1.3927692
                   3.928                      -1.4292951
               3.9360001                      -1.4671352
                   3.944                      -1.5063364
               3.9519999                      -1.5469597
                    3.96                      -1.5890773
               3.9679999                      -1.6327743
               3.9760001                      -1.6781518
                   3.984                      -1.7253242
               3.9920001                      -1.7744253
                       4                      -1.8256019
               4.0079999                      -1.8790214
               4.0159998                      -1.9348659
               4.0240002                      -1.9933376
               4.0320001                      -2.0546554
                    4.04                      -2.1190578
               4.0479999                      -2.1867973
               4.0560002                      -2.2581487
               4.0640001                      -2.3333998
                   4.072                      -2.4128601
               4.0799999                      -2.4968522
               4.0879998                      -2.5857167
               4.0960002                      -2.6798127
               4.1040001                      -2.7795141
                   4.112                      -2.8852128
               4.1199999                      -2.9973185
               4.1279998                      -3.1162576
               4.1360002                      -3.2424778
               4.1440001                       -3.376444
                   4.152                      -3.5186453
               4.1599998                      -3.6695928
               4.1680002                       -3.829823
               4.1760001                      -3.9999045
                   4.184                       -4.180434
               4.1919999                      -4.3720473
               4.1999998                      -4.5754203
               4.2080002                       -4.791277
               4.2160001                      -5.0203954
                   4.224                      -5.2636155
               4.2319999                      -5.5218522
               4.2399998                      -5.7961048
               4.2480001                      -6.0874697
                   4.256                      -6.3971623
               4.2639999                      -6.7265339
               4.2719998                      -7.0771018
               4.2800002                      -7.4505778
               4.2880001                      -7.8489086
                   4.296                      -8.2743264
               4.3039999                      -8.7294135
               4.3119998                      -9.2171818
               4.3200002                      -9.7411753
               4.3280001                      -10.305614
                   4.336                      -10.915575
               4.3439999                      -11.577245
               4.3520002                       -12.29826
               4.3600001                      -13.088202
                   4.368                      -13.959277
               4.3759999                      -14.927338
               4.3839998                      -16.013369
               4.3920002                      -17.245711
               4.4000001                      -18.663241
                   4.408                      -20.319266
               4.4159999                      -22.282372
               4.4239998                      -24.610785
               4.4320002                      -27.175644
               4.4400001                      -28.977673
                   4.448                      -28.289796
               4.4559999                      -25.952614
               4.4640002                      -23.561781
               4.4720001                      -21.524481
                    4.48                      -19.826226
               4.4879999                      -18.395967
               4.4959998                       -17.17275
               4.5040002                      -16.111396
               4.5120001                      -15.179044
                    4.52                      -14.351524
               4.5279999                      -13.610716
               4.5359998                      -12.942763
               4.5440001                      -12.336849
                   4.552                      -11.784392
               4.5599999                      -11.278466
               4.5679998                      -10.813397
               4.5760002                      -10.384478
               4.5840001                      -9.9877556
                   4.592                      -9.6198749
               4.5999999                      -9.2779565
               4.6079998                      -8.9595108
               4.6160002                      -8.6623631
               4.6240001                      -8.3846034
                   4.632                      -8.1245416
               4.6399999                      -7.8806721
               4.6479998                      -7.6516455
               4.6560001                      -7.4362496
                   4.664                      -7.2333898
               4.6719999                      -7.0420713
               4.6799998                      -6.8613922
               4.6880002                      -6.6905275
               4.6960001                      -6.5287269
                   4.704                      -6.3753039
               4.7119999                       -6.229629
               4.7199998                      -6.0911289
               4.7280002                      -5.9592754
               4.7360001                      -5.8335922
                   4.744                      -5.7136376
               4.7519999                      -5.5990148
               4.7600002                       -5.489358
               4.7680001                      -5.3843409
                   4.776                      -5.2836631
               4.7839999                      -5.1870555
               4.7919998                       -5.094276
               4.8000002                      -5.0051058
               4.8080001                      -4.9193494
                   4.816                      -4.8368306
               4.8239999                      -4.7573936
               4.8319998                      -4.6808984
               4.8400002                      -4.6072188
                   4.848                      -4.5362432
               4.8559999                      -4.4678686
               4.8639998                      -4.4020032
               4.8720002                      -4.3385638
               4.8800001                      -4.2774728
                   4.888                      -4.2186573
               4.8959999                      -4.1620487
               4.9039998                      -4.1075826
               4.9120002                       -4.055194
               4.9200001                      -4.0048216
                   4.928                      -3.9564022
               4.9359999                      -3.9098742
               4.9439998                      -3.8651745
               4.9520001                      -3.8222385
                    4.96                      -3.7810015
               4.9679999                      -3.7413965
               4.9759998                      -3.7033554
               4.9840002                      -3.6668117
               4.9920001                      -3.6316915
                       5                      -3.5979277
               5.0079999                      -3.5654499
               5.0159998                      -3.5341859
               5.0240002                      -3.5040658
               5.0320001                      -3.4750233
                    5.04                      -3.4469882
               5.0479999                      -3.4198966
               5.0560002                      -3.3936845
               5.0640001                      -3.3682945
                   5.072                      -3.3436686
               5.0799999                      -3.3197546
               5.0879998                      -3.2965044
               5.0960002                      -3.2738732
               5.1040001                      -3.2518221
                   5.112                      -3.2303164
               5.1199999                      -3.2093256
               5.1279998                      -3.1888239
               5.1360002                      -3.1687911
               5.1440001                      -3.1492115
                   5.152                      -3.1300715
               5.1599998                      -3.1113632
               5.1680002                      -3.0930822
               5.1760001                      -3.0752266
                   5.184                       -3.057797
               5.1919999                       -3.040798
               5.1999998                      -3.0242324
               5.2080002                      -3.0081068
               5.2160001                      -2.9924285
                   5.224                      -2.9772043
               5.2319999                      -2.9624409
               5.2399998                      -2.9481437
               5.2480001                      -2.9343191
                   5.256                      -2.9209693
               5.2639999                      -2.9080976
               5.2719998                      -2.8957014
               5.2800002                      -2.8837803
               5.2880001                      -2.8723286
                   5.296                      -2.8613407
               5.3039999                      -2.8508052
               5.3119998                      -2.8407126
               5.3200002                      -2.8310467
               5.3280001                      -2.8217924
                   5.336                      -2.8129321
               5.3439999                      -2.8044463
               5.3520002                       -2.796314
               5.3600001                      -2.7885135
                   5.368                      -2.7810214
               5.3759999                      -2.7738155
               5.3839998                      -2.7668732
               5.3920002                      -2.7601705
               5.4000001                      -2.7536874
                   5.408                      -2.7474022
               5.4159999                      -2.7412957
               5.4239998                      -2.7353496
               5.4320002                      -2.7295483
               5.4400001                      -2.7238785
                   5.448                      -2.7183282
               5.4559999                      -2.7128864
               5.4640002                      -2.7075492
               5.4720001                      -2.7023095
                    5.48                      -2.6971663
               5.4879999                       -2.692119
               5.4959998                      -2.6871707
               5.5040002                      -2.6823243
               5.5120001                      -2.6775867
                    5.52                      -2.6729647
               5.5279999                      -2.6684679
               5.5359998                      -2.6641048
               5.5440001                      -2.6598853
                   5.552                      -2.6558214
               5.5599999                      -2.6519225
               5.5679998                       -2.648201
               5.5760002                      -2.6446637
               5.5840001                      -2.6413217
                   5.592                      -2.6381828
               5.5999999                      -2.6352533
               5.6079998                      -2.6325378
               5.6160002                      -2.6300411
               5.6240001                      -2.6277657
                   5.632                      -2.6257097
               5.6399999                       -2.623872
               5.6479998                      -2.6222505
               5.6560001                      -2.6208393
                   5.664                      -2.6196321
               5.6719999                      -2.6186201
               5.6799998                      -2.6177925
               5.6880002                      -2.6171416
               5.6960001                      -2.6166527
                   5.704                      -2.6163152
               5.7119999                      -2.6161149
               5.7199998                      -2.6160394
               5.7280002                      -2.6160756
               5.7360001                      -2.6162105
                   5.744                       -2.616432
               5.7519999                      -2.6167276
               5.7600002                      -2.6170892
               5.7680001                      -2.6175046
                   5.776                      -2.6179679
               5.7839999                      -2.6184712
               5.7919998                      -2.6190104
               5.8000002                      -2.6195811
               5.8080001                       -2.620183
                   5.816                      -2.6208147
               5.8239999                      -2.6214788
               5.8319998                      -2.6221774
               5.8400002                      -2.6229154
                   5.848                      -2.6236992
               5.8559999                      -2.6245348
               5.8639998                      -2.6254303
               5.8720002                      -2.6263947
               5.8800001                      -2.6274372
                   5.888                      -2.6285669
               5.8959999                      -2.6297924
               5.9039998                      -2.6311249
               5.9120002                      -2.6325718
               5.9200001                      -2.6341422
                   5.928                       -2.635843
               5.9359999                      -2.6376819
               5.9439998                      -2.6396639
               5.9520001                      -2.6417932
                    5.96                      -2.6440727
               5.9679999                      -2.6465044
               5.9759998                      -2.6490899
               5.9840002                      -2.6518248
               5.9920001                       -2.654709
                       6                       -2.657739
               6.0079999                      -2.6609087
               6.0159998                      -2.6642114
               6.0240002                      -2.6676407
               6.0320001                      -2.6711888
                    6.04                      -2.6748459
               6.0479999                       -2.678605
               6.0560002                      -2.6824548
               6.0640001                      -2.6863859
                   6.072                      -2.6903901
               6.0799999                      -2.6944583
               6.0879998                      -2.6985816
               6.0960002                      -2.7027524
               6.1040001                       -2.706964
                   6.112                        -2.71121
               6.1199999                      -2.7154867
               6.1279998                      -2.7197888
               6.1360002                      -2.7241164
               6.1440001                      -2.7284672
                   6.152                      -2.7328408
               6.1599998                      -2.7372408
               6.1680002                       -2.741668
               6.1760001                      -2.7461289
                   6.184                      -2.7506262
               6.1919999                      -2.7551672
               6.1999998                      -2.7597597
               6.2080002                        -2.76441
               6.2160001                      -2.7691266
                   6.224                       -2.773918
               6.2319999                      -2.7787917
               6.2399998                       -2.783757
               6.2480001                      -2.7888213
                   6.256                       -2.793993
               6.2639999                      -2.7992789
               6.2719998                      -2.8046846
               6.2800002                      -2.8102171
               6.2880001                      -2.8158793
                   6.296                      -2.8216763
               6.3039999                      -2.8276081
               6.3119998                      -2.8336779
               6.3200002                       -2.839884
               6.3280001                      -2.8462262
                   6.336                      -2.8527002
               6.3439999                      -2.8593052
               6.3520002                      -2.8660343
               6.3600001                      -2.8728831
                   6.368                      -2.8798458
               6.3759999                      -2.8869153
               6.3839998                      -2.8940838
               6.3920002                      -2.9013446
               6.4000001                      -2.9086891
                   6.408                      -2.9161108
               6.4159999                      -2.9236019
               6.4239998                      -2.9311566
               6.4320002                      -2.9387662
               6.4400001                      -2.9464274
                   6.448                      -2.9541341
               6.4559999                      -2.9618826
               6.4640002                      -2.9696698
               6.4720001                      -2.9774951
                    6.48                      -2.9853564
               6.4879999                      -2.9932552
               6.4959998                      -3.0011921
               6.5040002                      -3.0091716
               6.5120001                      -3.0171961
                    6.52                      -3.0252713
               6.5279999                      -3.0334028
               6.5359998                      -3.0415965
               6.5440001                      -3.0498591
                   6.552                      -3.0581991
               6.5599999                      -3.0666251
               6.5679998                      -3.0751424
               6.5760002                       -3.083762
               6.5840001                      -3.0924908
                   6.592                      -3.1013351
               6.5999999                      -3.1103029
               6.6079998                      -3.1194011
               6.6160002                       -3.128634
               6.6240001                      -3.1380074
                   6.632                      -3.1475248
               6.6399999                      -3.1571892
               6.6479998                       -3.167002
               6.6560001                      -3.1769649
                   6.664                      -3.1870761
               6.6719999                      -3.1973347
               6.6799998                      -3.2077388
               6.6880002                      -3.2182841
               6.6960001                      -3.2289681
                   6.704                      -3.2397833
               6.7119999                      -3.2507267
               6.7199998                      -3.2617901
               6.7280002                      -3.2729691
               6.7360001                       -3.284256
                   6.744                      -3.2956456
               6.7519999                      -3.3071307
               6.7600002                      -3.3187047
               6.7680001                      -3.3303627
                   6.776                      -3.3421013
               6.7839999                      -3.3539142
               6.7919998                      -3.3657991
               6.8000002                      -3.3777533
               6.8080001                      -3.3897759
                   6.816                      -3.4018682
               6.8239999                      -3.4140274
               6.8319998                      -3.4262589
               6.8400002                      -3.4385632
                   6.848                      -3.4509461
               6.8559999                      -3.4634116
               6.8639998                      -3.4759666
               6.8720002                       -3.488617
               6.8800001                      -3.5013704
                   6.888                       -3.514235
               6.8959999                      -3.5272178
               6.9039998                      -3.5403288
               6.9120002                      -3.5535752
               6.9200001                      -3.5669663
                   6.928                      -3.5805103
               6.9359999                      -3.5942149
               6.9439998                       -3.608086
               6.9520001                      -3.6221321
                    6.96                      -3.6363586
               6.9679999                      -3.6507695
               6.9759998                      -3.6653696
               6.9840002                      -3.6801616
               6.9920001                      -3.6951468
                       7                      -3.7103265
               7.0079999                      -3.7257008
               7.0159998                      -3.7412692
               7.0240002                       -3.757027
               7.0320001                       -3.772974
                    7.04                       -3.789106
               7.0479999                       -3.805418
               7.0560002                      -3.8219049
               7.0640001                      -3.8385625
                   7.072                      -3.8553845
               7.0799999                      -3.8723671
               7.0879998                      -3.8895033
               7.0960002                      -3.9067889
               7.1040001                      -3.9242189
                   7.112                      -3.9417891
               7.1199999                       -3.959497
               7.1279998                      -3.9773386
               7.1360002                      -3.9953146
               7.1440001                      -4.0134233
                   7.152                       -4.031665
               7.1599998                       -4.050042
               7.1680002                      -4.0685564
               7.1760001                       -4.087213
                   7.184                      -4.1060155
               7.1919999                      -4.1249726
               7.1999998                      -4.1440882
               7.2080002                      -4.1633734
               7.2160001                      -4.1828351
                   7.224                      -4.2024832
               7.2319999                      -4.2223269
               7.2399998                      -4.2423778
               7.2480001                      -4.2626449
                   7.256                      -4.2831396
               7.2639999                      -4.3038714
               7.2719998                      -4.3248516
               7.2800002                       -4.346088
               7.2880001                      -4.3675908
                   7.296                      -4.3893673
               7.3039999                       -4.411425
               7.3119998                       -4.433771
               7.3200002                      -4.4564098
               7.3280001                      -4.4793472
                   7.336                      -4.5025848
               7.3439999                      -4.5261262
               7.3520002                       -4.549972
               7.3600001                      -4.5741221
                   7.368                      -4.5985768
               7.3759999                      -4.6233339
               7.3839998                      -4.6483916
               7.3920002                       -4.673747
               7.4000001                      -4.6993961
                   7.408                      -4.7253369
               7.4159999                       -4.751566
               7.4239998                      -4.7780769
               7.4320002                      -4.8048695
               7.4400001                      -4.8319392
                   7.448                       -4.859286
               7.4559999                      -4.8869054
               7.4640002                      -4.9148001
               7.4720001                      -4.9429678
                    7.48                      -4.9714098
               7.4879999                      -5.0001317
               7.4959998                      -5.0291347
               7.5040002                      -5.0584271
               7.5120001                      -5.0880129
                    7.52                       -5.117901
               7.5279999                      -5.1481014
               7.5359998                      -5.1786256
               7.5440001                      -5.2094831
                   7.552                      -5.2406878
               7.5599999                      -5.2722529
               7.5679998                      -5.3041931
               7.5760002                      -5.3365246
               7.5840001                      -5.3692615
                   7.592                      -5.4024196
               7.5999999                      -5.4360157
               7.6079998                      -5.4700638
               7.6160002                      -5.5045813
               7.6240001                      -5.5395818
                   7.632                      -5.5750808
               7.6399999                       -5.611091
               7.6479998                      -5.6476243
               7.6560001                      -5.6846942
                   7.664                      -5.7223111
               7.6719999                      -5.7604853
               7.6799998                      -5.7992249
               7.6880002                      -5.8385359
               7.6960001                      -5.8784282
                   7.704                      -5.9189051
               7.7119999                      -5.9599698
               7.7199998                       -6.001629
               7.7280002                      -6.0438844
               7.7360001                        -6.08674
                   7.744                      -6.1301965
               7.7519999                      -6.1742572
               7.7600002                      -6.2189253
               7.7680001                      -6.2642017
                   7.776                      -6.3100912
               7.7839999                      -6.3565981
               7.7919998                       -6.403726
               7.8000002                       -6.451483
               7.8080001                      -6.4998744
                   7.816                      -6.5489119
               7.8239999                      -6.5986037
               7.8319998                       -6.648964
               7.8400002                      -6.7000072
                   7.848                      -6.7517507
               7.8559999                      -6.8042097
               7.8639998                      -6.8574081
               7.8720002                      -6.9113668
               7.8800001                      -6.9661101
                   7.888                      -7.0216652
               7.8959999                      -7.0780592
               7.9039998                      -7.1353222
               7.9120002                      -7.1934849
               7.9200001                      -7.2525803
                   7.928                       -7.312642
               7.9359999                      -7.3737037
               7.9439998                      -7.4357994
               7.9520001                      -7.4989672
                    7.96                      -7.5632418
               7.9679999                       -7.628658
               7.9759998                      -7.6952532
               7.9840002                      -7.7630621
               7.9920001                      -7.8321202
                       8                      -7.9024631
               8.0080004                       -7.974124
               8.0159998                      -8.0471369
               8.0240002                      -8.1215353
               8.0319996                      -8.1973522
                    8.04                      -8.2746181
               8.0480003                      -8.3533651
               8.0559998                      -8.4336262
               8.0640001                       -8.515432
               8.0719995                      -8.5988148
               8.0799999                      -8.6838055
               8.0880003                      -8.7704385
               8.0959997                       -8.858747
               8.1040001                      -8.9487675
               8.1120005                      -9.0405368
               8.1199999                      -9.1340952
               8.1280003                      -9.2294853
               8.1359997                      -9.3267531
               8.1440001                      -9.4259463
               8.1520004                      -9.5271196
               8.1599998                      -9.6303292
               8.1680002                      -9.7356387
               8.1759996                      -9.8431156
                   8.184                      -9.9528316
               8.1920004                      -10.064865
               8.1999998                      -10.179305
               8.2080002                       -10.29624
               8.2159996                      -10.415769
                   8.224                      -10.537998
               8.2320004                       -10.66304
               8.2399998                      -10.791018
               8.2480001                      -10.922056
               8.2559996                      -11.056296
               8.2639999                      -11.193878
               8.2720003                      -11.334956
               8.2799997                      -11.479695
               8.2880001                      -11.628261
               8.2959995                      -11.780838
               8.3039999                      -11.937614
               8.3120003                      -12.098788
               8.3199997                      -12.264571
               8.3280001                      -12.435182
               8.3360004                      -12.610855
               8.3439999                      -12.791837
               8.3520002                      -12.978382
               8.3599997                      -13.170768
                   8.368                      -13.369282
               8.3760004                       -13.57423
               8.3839998                       -13.78594
               8.3920002                      -14.004758
               8.3999996                      -14.231054
                   8.408                      -14.465224
               8.4160004                      -14.707694
               8.4239998                      -14.958922
               8.4320002                        -15.2194
               8.4399996                      -15.489663
                   8.448                      -15.770284
               8.4560003                      -16.061893
               8.4639997                      -16.365169
               8.4720001                      -16.680851
               8.4799995                      -17.009743
               8.4879999                      -17.352719
               8.4960003                      -17.710728
               8.5039997                      -18.084795
               8.5120001                      -18.476022
               8.5200005                      -18.885584
               8.5279999                      -19.314717
               8.5360003                      -19.764691
               8.5439997                      -20.236769
                   8.552                      -20.732127
               8.5600004                       -21.25173
               8.5679998                      -21.796133
               8.5760002                      -22.365156
               8.5839996                      -22.957393
                   8.592                      -23.569455
               8.6000004                      -24.194869
               8.6079998                      -24.822543
               8.6160002                      -25.434885
               8.6239996                      -26.005947
                   8.632                      -26.500687
               8.6400003                      -26.877236
               8.6479998                         -27.094
               8.6560001                      -27.121095
               8.6639996                       -26.95107
               8.6719999                      -26.601907
               8.6800003                      -26.110041
               8.6879997                      -25.518464
               8.6960001                      -24.866776
               8.7040005                      -24.186286
               8.7119999                      -23.499272
               8.7200003                      -22.820388
               8.7279997                      -22.158605
               8.7360001                      -21.518979
               8.7440004                      -20.903986
               8.7519999                      -20.314474
               8.7600002                      -19.750292
               8.7679996                      -19.210705
                   8.776                      -18.694654
               8.7840004                      -18.200928
               8.7919998                      -17.728257
               8.8000002                      -17.275382
               8.8079996                      -16.841083
                   8.816                      -16.424206
               8.8240004                      -16.023664
               8.8319998                      -15.638446
               8.8400002                      -15.267612
               8.8479996                      -14.910291
               8.8559999                      -14.565681
               8.8640003                      -14.233036
               8.8719997                       -13.91167
               8.8800001                      -13.600945
               8.8879995                      -13.300271
               8.8959999                      -13.009103
               8.9040003                      -12.726932
               8.9119997                      -12.453286
               8.9200001                      -12.187726
               8.9280005                      -11.929844
               8.9359999                      -11.679261
               8.9440002                      -11.435617
               8.9519997                      -11.198584
                    8.96                      -10.967853
               8.9680004                      -10.743135
               8.9759998                       -10.52416
               8.9840002                      -10.310677
               8.9919996                      -10.102453
                       9                      -9.8992679
               9.0080004                      -9.7009196
               9.0159998                      -9.5072189
               9.0240002                      -9.3179909
               9.0319996                      -9.1330707
                    9.04                      -8.9523067
               9.0480003                      -8.7755602
               9.0559998                      -8.6026992
               9.0640001                      -8.4336049
               9.0719995                      -8.2681639
               9.0799999                      -8.1062743
               9.0880003                      -7.9478399
               9.0959997                      -7.7927713
               9.1040001                      -7.6409862
               9.1120005                      -7.4924062
               9.1199999                      -7.3469617
               9.1280003                      -7.2045839
               9.1359997                      -7.0652083
               9.1440001                      -6.9287755
               9.1520004                      -6.7952271
               9.1599998                      -6.6645073
               9.1680002                      -6.5365625
               9.1759996                      -6.4113412
                   9.184                      -6.2887916
               9.1920004                      -6.1688628
               9.1999998                       -6.051504
               9.2080002                      -5.9366666
               9.2159996                      -5.8242976
                   9.224                      -5.7143491
               9.2320004                      -5.6067694
               9.2399998                      -5.5015059
               9.2480001                      -5.3985072
               9.2559996                      -5.2977214
               9.2639999                      -5.1990968
               9.2720003                      -5.1025774
               9.2799997                      -5.0081114
               9.2880001                      -4.9156448
               9.2959995                      -4.8251244
               9.3039999                      -4.7364978
               9.3120003                      -4.6497113
               9.3199997                      -4.5647136
               9.3280001                      -4.4814536
               9.3360004                       -4.399881
               9.3439999                      -4.3199474
               9.3520002                      -4.2416064
               9.3599997                      -4.1648147
                   9.368                       -4.089527
               9.3760004                      -4.0157042
               9.3839998                      -3.9433077
               9.3920002                      -3.8723012
               9.3999996                      -3.8026513
                   9.408                      -3.7343289
               9.4160004                      -3.6673047
               9.4239998                      -3.6015536
               9.4320002                      -3.5370524
               9.4399996                      -3.4737797
                   9.448                      -3.4117196
               9.4560003                      -3.3508537
               9.4639997                      -3.2911681
               9.4720001                      -3.2326515
               9.4799995                      -3.1752911
               9.4879999                      -3.1190794
               9.4960003                      -3.0640047
               9.5039997                      -3.0100599
               9.5120001                      -2.9572362
               9.5200005                      -2.9055269
               9.5279999                      -2.8549237
               9.5360003                      -2.8054154
               9.5439997                      -2.7569941
                   9.552                      -2.7096506
               9.5600004                      -2.6633704
               9.5679998                      -2.6181421
               9.5760002                      -2.5739507
               9.5839996                      -2.5307798
                   9.592                      -2.4886115
               9.6000004                      -2.4474255
               9.6079998                       -2.407201
               9.6160002                      -2.3679156
               9.6239996                      -2.3295434
                   9.632                       -2.292059
               9.6400003                      -2.2554354
               9.6479998                      -2.2196426
               9.6560001                      -2.1846539
               9.6639996                      -2.1504389
               9.6719999                      -2.1169661
               9.6800003                      -2.0842067
               9.6879997                      -2.0521299
               9.6960001                      -2.0207075
               9.7040005                      -1.9899109
               9.7119999                       -1.959713
               9.7200003                      -1.9300876
               9.7279997                      -1.9010112
               9.7360001                      -1.8724624
               9.7440004                      -1.8444199
               9.7519999                      -1.8168681
               9.7600002                      -1.7897902
               9.7679996                      -1.7631749
                   9.776                      -1.7370113
               9.7840004                      -1.7112928
               9.7919998                      -1.6860134
               9.8000002                      -1.6611701
               9.8079996                      -1.6367646
                   9.816                      -1.6127955
               9.8240004                      -1.5892687
               9.8319998                      -1.5661876
               9.8400002                      -1.5435578
               9.8479996                      -1.5213874
               9.8559999                      -1.4996828
               9.8640003                       -1.478451
               9.8719997                      -1.4577011
               9.8800001                      -1.4374374
               9.8879995                      -1.4176683
               9.8959999                       -1.398397
               9.9040003                      -1.3796281
               9.9119997                      -1.3613608
               9.9200001                      -1.3435962
               9.9280005                      -1.3263309
               9.9359999                        -1.30956
               9.9440002                      -1.2932759
               9.9519997                      -1.2774697
                    9.96                       -1.262128
               9.9680004                      -1.2472358
               9.9759998                      -1.2327762
               9.9840002                      -1.2187309
               9.9919996                      -1.2050788
                      10                      -1.1917966

