#Parameters = {dr=0.2; gap=0.6; h_cu=0.035; r_ext=2.6; wr=0.6; x=0.76; y=6; z=6}
#"Frequency / GHz"	"S1,1 [Magnitude]"
#------------------------------------
4.0000000000000	-8.1343964334134
4.0040001869202	-8.1259493948549
4.0079998970032	-8.1177482451091
4.0120000839233	-8.1097721150058
4.0159997940063	-8.1019972491276
4.0199999809265	-8.0944004550952
4.0240001678467	-8.0869562025720
4.0279998779297	-8.0796388596637
4.0320000648499	-8.0724180719843
4.0359997749329	-8.0652717394695
4.0399999618530	-8.0581688164144
4.0440001487732	-8.0510821272598
4.0479998588562	-8.0439847342612
4.0520000457764	-8.0368481491548
4.0560002326965	-8.0296468083094
4.0599999427795	-8.0223542155221
4.0640001296997	-8.0149458573918
4.0679998397827	-8.0073986538470
4.0720000267029	-7.9996895490937
4.0760002136230	-7.9917972820254
4.0799999237061	-7.9837040509194
4.0840001106262	-7.9753916016446
4.0879998207092	-7.9668463921565
4.0920000076294	-7.9580519480448
4.0960001945496	-7.9489996454856
4.0999999046326	-7.9396778555596
4.1040000915527	-7.9300830919339
4.1079998016357	-7.9202080292653
4.1119999885559	-7.9100521151952
4.1160001754761	-7.8996131717908
4.1199998855591	-7.8888959346211
4.1240000724792	-7.8779018933087
4.1279997825623	-7.8666378372127
4.1319999694824	-7.8551145625634
4.1360001564026	-7.8433383973103
4.1399998664856	-7.8313252966653
4.1440000534058	-7.8190860433864
4.1479997634888	-7.8066348231044
4.1519999504089	-7.7939903567248
4.1560001373291	-7.7811697822769
4.1599998474121	-7.7681903086111
4.1640000343323	-7.7550734830215
4.1680002212524	-7.7418363671066
4.1719999313354	-7.7285018172963
4.1760001182556	-7.7150899751176
4.1799998283386	-7.7016236764786
4.1840000152588	-7.6881203503334
4.1880002021790	-7.6746041620500
4.1919999122620	-7.6610918018182
4.1960000991821	-7.6476065613282
4.1999998092651	-7.6341656538280
4.2039999961853	-7.6207885656885
4.2080001831055	-7.6074914989965
4.2119998931885	-7.5942925005590
4.2160000801086	-7.5812039916150
4.2199997901917	-7.5682435362541
4.2239999771118	-7.5554201532931
4.2280001640320	-7.5427452765141
4.2319998741150	-7.5302301528470
4.2360000610352	-7.5178798370740
4.2399997711182	-7.5057038857195
4.2439999580383	-7.4937059095371
4.2480001449585	-7.4818887453589
4.2519998550415	-7.4702525063068
4.2560000419617	-7.4587985175053
4.2600002288818	-7.4475241128128
4.2639999389648	-7.4364270299673
4.2680001258850	-7.4255001975385
4.2719998359680	-7.4147385955184
4.2760000228882	-7.4041339035172
4.2800002098083	-7.3936771861402
4.2839999198914	-7.3833574464647
4.2880001068115	-7.3731644873970
4.2919998168945	-7.3630843768867
4.2960000038147	-7.3531035315872
4.3000001907349	-7.3432076070997
4.3039999008179	-7.3333819361121
4.3080000877380	-7.3236087706480
4.3119997978210	-7.3138752879014
4.3159999847412	-7.3041614706294
4.3200001716614	-7.2944527223390
4.3239998817444	-7.2847323535396
4.3280000686646	-7.2749822043904
4.3319997787476	-7.2651861995401
4.3359999656677	-7.2553287905553
4.3400001525879	-7.2453928101273
4.3439998626709	-7.2353640612773
4.3480000495911	-7.2252267335652
4.3520002365112	-7.2149676400777
4.3559999465942	-7.2045744798042
4.3600001335144	-7.1940340101271
4.3639998435974	-7.1833350280788
4.3680000305176	-7.1724683197755
4.3720002174377	-7.1614260950328
4.3759999275208	-7.1501981788851
4.3800001144409	-7.1387822266487
4.3839998245239	-7.1271703895620
4.3880000114441	-7.1153596940411
4.3920001983643	-7.1033489229630
4.3959999084473	-7.0911363726182
4.4000000953674	-7.0787226522274
4.4039998054504	-7.0661106078018
4.4079999923706	-7.0533011125603
4.4120001792908	-7.0403011466268
4.4159998893738	-7.0271140853188
4.4200000762939	-7.0137476447642
4.4239997863770	-7.0002082980422
4.4279999732971	-6.9865066316622
4.4320001602173	-6.9726503647133
4.4359998703003	-6.9586501982706
4.4400000572205	-6.9445168625982
4.4439997673035	-6.9302628939435
4.4479999542236	-6.9158994265093
4.4520001411438	-6.9014382048380
4.4559998512268	-6.8868926375899
4.4600000381470	-6.8722760546517
4.4640002250671	-6.8576014907593
4.4679999351501	-6.8428788803217
4.4720001220703	-6.8281243695328
4.4759998321533	-6.8133476043381
4.4800000190735	-6.7985629565034
4.4840002059937	-6.7837794258681
4.4879999160767	-6.7690096314878
4.4920001029968	-6.7542638990744
4.4959998130798	-6.7395512899890
4.5000000000000	-6.7248816756918
4.5040001869202	-6.7102622476751
4.5079998970032	-6.6956994572213
4.5120000839233	-6.6812014895138
4.5159997940063	-6.6667715234583
4.5199999809265	-6.6524140899760
4.5240001678467	-6.6381344031658
4.5279998779297	-6.6239322139667
4.5320000648499	-6.6098096375199
4.5359997749329	-6.5957661891971
4.5399999618530	-6.5818012761431
4.5440001487732	-6.5679122661999
4.5479998588562	-6.5540966262219
4.5520000457764	-6.5403482642913
4.5560002326965	-6.5266648815576
4.5599999427795	-6.5130392680629
4.5640001296997	-6.4994651766043
4.5679998397827	-6.4859319076124
4.5720000267029	-6.4724346615043
4.5760002136230	-6.4589632714717
4.5799999237061	-6.4455063284640
4.5840001106262	-6.4320556266394
4.5879998207092	-6.4185997385844
4.5920000076294	-6.4051267846970
4.5960001945496	-6.3916270381379
4.5999999046326	-6.3780872278135
4.6040000915527	-6.3644961819210
4.6079998016357	-6.3508425654822
4.6119999885559	-6.3371140189840
4.6160001754761	-6.3232988674392
4.6199998855591	-6.3093864796599
4.6240000724792	-6.2953660973984
4.6279997825623	-6.2812252166303
4.6319999694824	-6.2669554651233
4.6360001564026	-6.2525457915822
4.6399998664856	-6.2379876624837
4.6440000534058	-6.2232739585695
4.6479997634888	-6.2083930996100
4.6519999504089	-6.1933410441861
4.6560001373291	-6.1781118469245
4.6599998474121	-6.1626982819679
4.6640000343323	-6.1470970276295
4.6680002212524	-6.1313024621356
4.6719999313354	-6.1153156327992
4.6760001182556	-6.0991309601378
4.6799998283386	-6.0827491007564
4.6840000152588	-6.0661685905460
4.6880002021790	-6.0493923662446
4.6919999122620	-6.0324207226303
4.6960000991821	-6.0152567625598
4.6999998092651	-5.9979032159012
4.7039999961853	-5.9803645176175
4.7080001831055	-5.9626431792150
4.7119998931885	-5.9447478475934
4.7160000801086	-5.9266828751769
4.7199997901917	-5.9084550749225
4.7239999771118	-5.8900703103962
4.7280001640320	-5.8715368231689
4.7319998741150	-5.8528621591197
4.7360000610352	-5.8340544649570
4.7399997711182	-5.8151214533147
4.7439999580383	-5.7960710221172
4.7480001449585	-5.7769131750509
4.7519998550415	-5.7576544786262
4.7560000419617	-5.7383026799883
4.7600002288818	-5.7188664478033
4.7639999389648	-5.6993546044111
4.7680001258850	-5.6797722580894
4.7719998359680	-5.6601284349252
4.7760000228882	-5.6404277872227
4.7800002098083	-5.6206780061425
4.7839999198914	-5.6008840577486
4.7880001068115	-5.5810505489565
4.7919998168945	-5.5611823000434
4.7960000038147	-5.5412837210948
4.8000001907349	-5.5213562085381
4.8039999008179	-5.5014018701395
4.8080000877380	-5.4814239355606
4.8119997978210	-5.4614214550451
4.8159999847412	-5.4413953490812
4.8200001716614	-5.4213451603935
4.8239998817444	-5.4012687023649
4.8280000686646	-5.3811624382088
4.8319997787476	-5.3610275631194
4.8359999656677	-5.3408548467704
4.8400001525879	-5.3206428983072
4.8439998626709	-5.3003866701559
4.8480000495911	-5.2800793510265
4.8520002365112	-5.2597161795003
4.8559999465942	-5.2392879122838
4.8600001335144	-5.2187873978104
4.8639998435974	-5.1982095153997
4.8680000305176	-5.1775427171827
4.8720002174377	-5.1567793304103
4.8759999275208	-5.1359119958900
4.8800001144409	-5.1149295203549
4.8839998245239	-5.0938246700145
4.8880000114441	-5.0725846826706
4.8920001983643	-5.0512041778813
4.8959999084473	-5.0296695516331
4.9000000953674	-5.0079744567226
4.9039998054504	-4.9861079032050
4.9079999923706	-4.9640615395380
4.9120001792908	-4.9418277235207
4.9159998893738	-4.9193959402862
4.9200000762939	-4.8967571796122
4.9239997863770	-4.8739076343538
4.9279999732971	-4.8508367698561
4.9320001602173	-4.8275391355350
4.9359998703003	-4.8040088288749
4.9400000572205	-4.7802394829175
4.9439997673035	-4.7562251288918
4.9479999542236	-4.7319646251321
4.9520001411438	-4.7074508738363
4.9559998512268	-4.6826841924524
4.9600000381470	-4.6576589094236
4.9640002250671	-4.6323766650932
4.9679999351501	-4.6068330916989
4.9720001220703	-4.5810292863945
4.9759998321533	-4.5549664776104
4.9800000190735	-4.5286460084434
4.9840002059937	-4.5020693375659
4.9879999160767	-4.4752371615791
4.9920001029968	-4.4481528892548
4.9959998130798	-4.4208217502564
5.0000000000000	-4.3932464741732
5.0040001869202	-4.3654298892550
5.0079998970032	-4.3373801213756
5.0120000839233	-4.3091001968535
5.0159997940063	-4.2805959477774
5.0199999809265	-4.2518724688204
5.0240001678467	-4.2229375368265
5.0279998779297	-4.1937956868343
5.0320000648499	-4.1644543999691
5.0359997749329	-4.1349194738267
5.0399999618530	-4.1051979489729
5.0440001487732	-4.0752954779678
5.0479998588562	-4.0452179837708
5.0520000457764	-4.0149725578394
5.0560002326965	-3.9845641295323
5.0599999427795	-3.9539998130069
5.0640001296997	-3.9232844542537
5.0679998397827	-3.8924227719000
5.0720000267029	-3.8614195263213
5.0760002136230	-3.8302795678409
5.0799999237061	-3.7990062662138
5.0840001106262	-3.7676042758070
5.0879998207092	-3.7360766976892
5.0920000076294	-3.7044251519763
5.0960001945496	-3.6726531351593
5.0999999046326	-3.6407604732320
5.1040000915527	-3.6087500432380
5.1079998016357	-3.5766223831479
5.1119999885559	-3.5443768003988
5.1160001754761	-3.5120134423615
5.1199998855591	-3.4795323477534
5.1240000724792	-3.4469325392963
5.1279997825623	-3.4142109581605
5.1319999694824	-3.3813667782907
5.1360001564026	-3.3483982027661
5.1399998664856	-3.3153019868405
5.1440000534058	-3.2820761474458
5.1479997634888	-3.2487155415861
5.1519999504089	-3.2152185098493
5.1560001373291	-3.1815807808372
5.1599998474121	-3.1478001197958
5.1640000343323	-3.1138717892826
5.1680002212524	-3.0797920710530
5.1719999313354	-3.0455588276930
5.1760001182556	-3.0111661403014
5.1799998283386	-2.9766134538322
5.1840000152588	-2.9418961750809
5.1880002021790	-2.9070118745764
5.1919999122620	-2.8719588442642
5.1960000991821	-2.8367325728349
5.1999998092651	-2.8013351688876
5.2039999961853	-2.7657630984517
5.2080001831055	-2.7300161989963
5.2119998931885	-2.6940947295589
5.2160000801086	-2.6580000431611
5.2199997901917	-2.6217312358659
5.2239999771118	-2.5852935918367
5.2280001640320	-2.5486874514661
5.2319998741150	-2.5119174639353
5.2360000610352	-2.4749880955622
5.2399997711182	-2.4379039829509
5.2439999580383	-2.4006728690891
5.2480001449585	-2.3632997167621
5.2519998550415	-2.3257935326727
5.2560000419617	-2.2881632603211
5.2600002288818	-2.2504174515596
5.2639999389648	-2.2125681846171
5.2680001258850	-2.1746261089936
5.2719998359680	-2.1366030435047
5.2760000228882	-2.0985127427771
5.2800002098083	-2.0603709563029
5.2839999198914	-2.0221904154763
5.2880001068115	-1.9839878068581
5.2919998168945	-1.9457790897823
5.2960000038147	-1.9075821331191
5.3000001907349	-1.8694145511310
5.3039999008179	-1.8312951175708
5.3080000877380	-1.7932425361610
5.3119997978210	-1.7552771219369
5.3159999847412	-1.7174197733226
5.3200001716614	-1.6796908281107
5.3239998817444	-1.6421112621985
5.3280000686646	-1.6047032329286
5.3319997787476	-1.5674891541850
5.3359999656677	-1.5304910830694
5.3400001525879	-1.4937311864309
5.3439998626709	-1.4572337558554
5.3480000495911	-1.4210214359208
5.3520002365112	-1.3851162641781
5.3559999465942	-1.3495426056499
5.3600001335144	-1.3143240887694
5.3639998435974	-1.2794829138596
5.3680000305176	-1.2450428581993
5.3720002174377	-1.2110267227860
5.3759999275208	-1.1774573640096
5.3800001144409	-1.1443582660678
5.3839998245239	-1.1117518059692
5.3880000114441	-1.0796578427980
5.3920001983643	-1.0481021279566
5.3959999084473	-1.0171040736474
5.4000000953674	-0.98668429451287
5.4039998054504	-0.95686534065829
5.4079999923706	-0.92766648349097
5.4120001792908	-0.89910589740345
5.4159998893738	-0.87120634160685
5.4200000762939	-0.84398482967083
5.4239997863770	-0.81745919123054
5.4279999732971	-0.79164925959372
5.4320001602173	-0.76657017192881
5.4359998703003	-0.74223885625048
5.4400000572205	-0.71867242052692
5.4439997673035	-0.69588623425370
5.4479999542236	-0.67389254753535
5.4520001411438	-0.65270980844849
5.4559998512268	-0.63234731632961
5.4600000381470	-0.61282045757906
5.4640002250671	-0.59413989404036
5.4679999351501	-0.57631868845726
5.4720001220703	-0.55936599727225
5.4759998321533	-0.54329299552126
5.4800000190735	-0.52810866049923
5.4840002059937	-0.51382216440889
5.4879999160767	-0.50044003165759
5.4920001029968	-0.48797061023869
5.4959998130798	-0.47642163183744
5.5000000000000	-0.46579789054136
5.5040001869202	-0.45610381343279
5.5079998970032	-0.44734552671659
5.5120000839233	-0.43952592623576
5.5159997940063	-0.43264789164925
5.5199999809265	-0.42671318200362
5.5240001678467	-0.42172676234077
5.5279998779297	-0.41768515354536
5.5320000648499	-0.41459297047132
5.5359997749329	-0.41244729202016
5.5399999618530	-0.41124707786636
5.5440001487732	-0.41099128406297
5.5479998588562	-0.41167772373382
5.5520000457764	-0.41330283815689
5.5560002326965	-0.41586316504013
5.5599999427795	-0.41935444369143
5.5640001296997	-0.42376986219983
5.5679998397827	-0.42910662172247
5.5720000267029	-0.43535581253129
5.5760002136230	-0.44251230872623
5.5799999237061	-0.45056775839696
5.5840001106262	-0.45951208137071
5.5879998207092	-0.46933962507664
5.5920000076294	-0.48003844951088
5.5960001945496	-0.49159784662215
5.5999999046326	-0.50400964206303
5.6040000915527	-0.51725980352063
5.6079998016357	-0.53133571942866
5.6119999885559	-0.54622854061194
5.6160001754761	-0.56192043707932
5.6199998855591	-0.57840254529740
5.6240000724792	-0.59565659009933
5.6279997825623	-0.61366698934882
5.6319999694824	-0.63242319629033
5.6360001564026	-0.65190582324014
5.6399998664856	-0.67209749972363
5.6440000534058	-0.69298310911424
5.6479997634888	-0.71454571250976
5.6519999504089	-0.73676507128777
5.6560001373291	-0.75962465690907
5.6599998474121	-0.78310532001937
5.6640000343323	-0.80718769723332
5.6680002212524	-0.83185268970905
5.6719999313354	-0.85708045316442
5.6760001182556	-0.88284909495229
5.6799998283386	-0.90913987882056
5.6840000152588	-0.93593177061067
5.6880002021790	-0.96320336757522
5.6919999122620	-0.99093199257824
5.6960000991821	-1.0190988390461
5.6999998092651	-1.0476799378516
5.7039999961853	-1.0766539636024
5.7080001831055	-1.1059993629102
5.7119998931885	-1.1356938550413
5.7160000801086	-1.1657158007598
5.7199997901917	-1.1960432311082
5.7239999771118	-1.2266521011871
5.7280001640320	-1.2575240565585
5.7319998741150	-1.2886345393212
5.7360000610352	-1.3199628083027
5.7399997711182	-1.3514866938428
5.7439999580383	-1.3831862255385
5.7480001449585	-1.4150395442997
5.7519998550415	-1.4470256368693
5.7560000419617	-1.4791240066166
5.7600002288818	-1.5113148280378
5.7639999389648	-1.5435804096364
5.7680001258850	-1.5758985903166
5.7719998359680	-1.6082521362576
5.7760000228882	-1.6406219167221
5.7800002098083	-1.6729924681816
5.7839999198914	-1.7053439487331
5.7880001068115	-1.7376617329818
5.7919998168945	-1.7699294010344
5.7960000038147	-1.8021302373811
5.8000001907349	-1.8342512232370
5.8039999008179	-1.8662795082489
5.8080000877380	-1.8981987584159
5.8119997978210	-1.9299990822755
5.8159999847412	-1.9616662071643
5.8200001716614	-1.9931918397379
5.8239998817444	-2.0245635999708
5.8280000686646	-2.0557728490691
5.8319997787476	-2.0868100096238
5.8359999656677	-2.1176673185702
5.8400001525879	-2.1483374401984
5.8439998626709	-2.1788120933667
5.8480000495911	-2.2090872020987
5.8520002365112	-2.2391570465162
5.8559999465942	-2.2690162219493
5.8600001335144	-2.2986599851069
5.8639998435974	-2.3280869631006
5.8680000305176	-2.3572916928244
5.8720002174377	-2.3862739127758
5.8759999275208	-2.4150307909646
5.8800001144409	-2.4435601282966
5.8839998245239	-2.4718649792360
5.8880000114441	-2.4999410181524
5.8920001983643	-2.5277886467191
5.8959999084473	-2.5554092431521
5.9000000953674	-2.5828030134172
5.9039998054504	-2.6099740321079
5.9079999923706	-2.6369179433236
5.9120001792908	-2.6636413661814
5.9159998893738	-2.6901429296785
5.9200000762939	-2.7164256246079
5.9239997863770	-2.7424914814768
5.9279999732971	-2.7683419231881
5.9320001602173	-2.7939795413874
5.9359998703003	-2.8194053015745
5.9400000572205	-2.8446225448451
5.9439997673035	-2.8696326593978
5.9479999542236	-2.8944378755202
5.9520001411438	-2.9190405668462
5.9559998512268	-2.9434406337728
5.9600000381470	-2.9676395136695
5.9640002250671	-2.9916405036839
5.9679999351501	-3.0154435783473
5.9720001220703	-3.0390504373661
5.9759998321533	-3.0624625404403
5.9800000190735	-3.0856766882651
5.9840002059937	-3.1086974057863
5.9879999160767	-3.1315233618949
5.9920001029968	-3.1541549095552
5.9959998130798	-3.1765898770816
6.0000000000000	-3.1988284975710
6.0040001869202	-3.2208715348438
6.0079998970032	-3.2427155409573
6.0120000839233	-3.2643620862792
6.0159997940063	-3.2858065591255
6.0199999809265	-3.3070502012860
6.0240001678467	-3.3280887615962
6.0279998779297	-3.3489237570692
6.0320000648499	-3.3695493508203
6.0359997749329	-3.3899660220386
6.0399999618530	-3.4101713860573
6.0440001487732	-3.4301612023517
6.0479998588562	-3.4499359457820
6.0520000457764	-3.4694906085238
6.0560002326965	-3.4888260699708
6.0599999427795	-3.5079388342139
6.0640001296997	-3.5268240224930
6.0679998397827	-3.5454840015116
6.0720000267029	-3.5639151004013
6.0760002136230	-3.5821150775846
6.0799999237061	-3.6000810975871
6.0840001106262	-3.6178141960299
6.0879998207092	-3.6353124897723
6.0920000076294	-3.6525749207361
6.0960001945496	-3.6695990337911
6.0999999046326	-3.6863872035142
6.1040000915527	-3.7029362901832
6.1079998016357	-3.7192486123471
6.1119999885559	-3.7353232447590
6.1160001754761	-3.7511624179541
6.1199998855591	-3.7667645758275
6.1240000724792	-3.7821324696968
6.1279997825623	-3.7972686931160
6.1319999694824	-3.8121705904319
6.1360001564026	-3.8268465859773
6.1399998664856	-3.8412945944038
6.1440000534058	-3.8555189481176
6.1479997634888	-3.8695239083457
6.1519999504089	-3.8833107935683
6.1560001373291	-3.8968831068441
6.1599998474121	-3.9102464772044
6.1640000343323	-3.9234021694655
6.1680002212524	-3.9363577081811
6.1719999313354	-3.9491137540576
6.1760001182556	-3.9616787474221
6.1799998283386	-3.9740535586369
6.1840000152588	-3.9862468083163
6.1880002021790	-3.9982603556830
6.1919999122620	-4.0101004726326
6.1960000991821	-4.0217712280271
6.1999998092651	-4.0332791828723
6.2039999961853	-4.0446284576774
6.2080001831055	-4.0558244857222
6.2119998931885	-4.0668698730073
6.2160000801086	-4.0777705034392
6.2199997901917	-4.0885342025889
6.2239999771118	-4.0991610200391
6.2280001640320	-4.1096572341114
6.2319998741150	-4.1200284991747
6.2360000610352	-4.1302760408498
6.2399997711182	-4.1404057748364
6.2439999580383	-4.1504193228790
6.2480001449585	-4.1603212646593
6.2519998550415	-4.1701147237053
6.2560000419617	-4.1798017908620
6.2600002288818	-4.1893854697993
6.2639999389648	-4.1988682229299
6.2680001258850	-4.2082505007095
6.2719998359680	-4.2175357458071
6.2760000228882	-4.2267240452582
6.2800002098083	-4.2358180043286
6.2839999198914	-4.2448158895925
6.2880001068115	-4.2537201959363
6.2919998168945	-4.2625307084895
6.2960000038147	-4.2712464401739
6.3000001907349	-4.2798679081862
6.3039999008179	-4.2883948465324
6.3080000877380	-4.2968266411029
6.3119997978210	-4.3051611698285
6.3159999847412	-4.3133977091318
6.3200001716614	-4.3215363986953
6.3239998817444	-4.3295737494069
6.3280000686646	-4.3375096938534
6.3319997787476	-4.3453419935589
6.3359999656677	-4.3530680221507
6.3400001525879	-4.3606876029626
6.3439998626709	-4.3681967730170
6.3480000495911	-4.3755961074214
6.3520002365112	-4.3828830884436
6.3559999465942	-4.3900540190524
6.3600001335144	-4.3971106410605
6.3639998435974	-4.4040482749328
6.3680000305176	-4.4108674950993
6.3720002174377	-4.4175655974288
6.3759999275208	-4.4241416347548
6.3800001144409	-4.4305942894795
6.3839998245239	-4.4369243536666
6.3880000114441	-4.4431276575952
6.3920001983643	-4.4492070821748
6.3959999084473	-4.4551620845289
6.4000000953674	-4.4609908929819
6.4039998054504	-4.4666934915988
6.4079999923706	-4.4722742195880
6.4120001792908	-4.4777288298978
6.4159998893738	-4.4830608475637
6.4200000762939	-4.4882718668016
6.4239997863770	-4.4933625365984
6.4279999732971	-4.4983343534274
6.4320001602173	-4.5031901285621
6.4359998703003	-4.5079320032824
6.4400000572205	-4.5125610800362
6.4439997673035	-4.5170819406223
6.4479999542236	-4.5214969845009
6.4520001411438	-4.5258081890946
6.4559998512268	-4.5300187114663
6.4600000381470	-4.5341338284885
6.4640002250671	-4.5381547693256
6.4679999351501	-4.5420873475774
6.4720001220703	-4.5459327009393
6.4759998321533	-4.5496969323699
6.4800000190735	-4.5533816933951
6.4840002059937	-4.5569928870131
6.4879999160767	-4.5605326933557
6.4920001029968	-4.5640055619706
6.4959998130798	-4.5674147815426
6.5000000000000	-4.5707654983720
6.5040001869202	-4.5740594302207
6.5079998970032	-4.5773000420452
6.5120000839233	-4.5804925294914
6.5159997940063	-4.5836380548612
6.5199999809265	-4.5867422390325
6.5240001678467	-4.5898040357324
6.5279998779297	-4.5928285844075
6.5320000648499	-4.5958172195653
6.5359997749329	-4.5987744245552
6.5399999618530	-4.6016990064480
6.5440001487732	-4.6045945889207
6.5479998588562	-4.6074617493201
6.5520000457764	-4.6103014574225
6.5560002326965	-4.6131158876637
6.5599999427795	-4.6159041755443
6.5640001296997	-4.6186655130456
6.5679998397827	-4.6214035913931
6.5720000267029	-4.6241161656369
6.5760002136230	-4.6268026688093
6.5799999237061	-4.6294630544078
6.5840001106262	-4.6320959020745
6.5879998207092	-4.6346998425437
6.5920000076294	-4.6372748728039
6.5960001945496	-4.6398188701243
6.5999999046326	-4.6423289815839
6.6040000915527	-4.6448035039029
6.6079998016357	-4.6472434720105
6.6119999885559	-4.6496432868791
6.6160001754761	-4.6520011734007
6.6199998855591	-4.6543174814323
6.6240000724792	-4.6565873883648
6.6279997825623	-4.6588099967743
6.6319999694824	-4.6609815125177
6.6360001564026	-4.6631007447978
6.6399998664856	-4.6651642613375
6.6440000534058	-4.6671712248141
6.6479997634888	-4.6691190260050
6.6519999504089	-4.6710046026208
6.6560001373291	-4.6728277352839
6.6599998474121	-4.6745851321072
6.6640000343323	-4.6762764142646
6.6680002212524	-4.6778992239288
6.6719999313354	-4.6794521141257
6.6760001182556	-4.6809359857050
6.6799998283386	-4.6823479977097
6.6840000152588	-4.6836880614737
6.6880002021790	-4.6849560249523
6.6919999122620	-4.6861526418211
6.6960000991821	-4.6872764865956
6.6999998092651	-4.6883290396657
6.7039999961853	-4.6893110569754
6.7080001831055	-4.6902226619078
6.7119998931885	-4.6910649587282
6.7160000801086	-4.6918404752040
6.7199997901917	-4.6925508321235
6.7239999771118	-4.6931963629315
6.7280001640320	-4.6937803387437
6.7319998741150	-4.6943046730362
6.7360000610352	-4.6947719715576
6.7399997711182	-4.6951856395274
6.7439999580383	-4.6955475409001
6.7480001449585	-4.6958591372837
6.7519998550415	-4.6961268068794
6.7560000419617	-4.6963520860675
6.7600002288818	-4.6965365624818
6.7639999389648	-4.6966855794008
6.7680001258850	-4.6968020475898
6.7719998359680	-4.6968897073979
6.7760000228882	-4.6969498970073
6.7800002098083	-4.6969887510384
6.7839999198914	-4.6970069684982
6.7880001068115	-4.6970069172519
6.7919998168945	-4.6969949419847
6.7960000038147	-4.6969708632068
6.8000001907349	-4.6969386012568
6.8039999008179	-4.6969011238388
6.8080000877380	-4.6968586169175
6.8119997978210	-4.6968160169498
6.8159999847412	-4.6967729414015
6.8200001716614	-4.6967334583168
6.8239998817444	-4.6966963350224
6.8280000686646	-4.6966640985541
6.8319997787476	-4.6966379153976
6.8359999656677	-4.6966168709502
6.8400001525879	-4.6966022309534
6.8439998626709	-4.6965966803789
6.8480000495911	-4.6965952133300
6.8520002365112	-4.6966022312581
6.8559999465942	-4.6966137581240
6.8600001335144	-4.6966288864121
6.8639998435974	-4.6966490840565
6.8680000305176	-4.6966712971318
6.8720002174377	-4.6966922029008
6.8759999275208	-4.6967143048082
6.8800001144409	-4.6967313912219
6.8839998245239	-4.6967431262446
6.8880000114441	-4.6967481175099
6.8920001983643	-4.6967417270442
6.8959999084473	-4.6967216732495
6.9000000953674	-4.6966867290847
6.9039998054504	-4.6966333061442
6.9079999923706	-4.6965595460855
6.9120001792908	-4.6964623317633
6.9159998893738	-4.6963381008515
6.9200000762939	-4.6961830079373
6.9239997863770	-4.6959971545182
6.9279999732971	-4.6957767244427
6.9320001602173	-4.6955185751197
6.9359998703003	-4.6952203165063
6.9400000572205	-4.6948813693409
6.9439997673035	-4.6944974318157
6.9479999542236	-4.6940663845814
6.9520001411438	-4.6935893512038
6.9559998512268	-4.6930632256472
6.9600000381470	-4.6924854812876
6.9640002250671	-4.6918575411142
6.9679999351501	-4.6911762379341
6.9720001220703	-4.6904428874347
6.9759998321533	-4.6896570151817
6.9800000190735	-4.6888172117709
6.9840002059937	-4.6879257159934
6.9879999160767	-4.6869828169240
6.9920001029968	-4.6859877802037
6.9959998130798	-4.6849417570299
7.0000000000000	-4.6838493553558
7.0040001869202	-4.6827085922529
7.0079998970032	-4.6815234357732
7.0120000839233	-4.6802954535135
7.0159997940063	-4.6790273050105
7.0199999809265	-4.6777205391538
7.0240001678467	-4.6763793137586
7.0279998779297	-4.6750051597859
7.0320000648499	-4.6736024197079
7.0359997749329	-4.6721736695841
7.0399999618530	-4.6707221999655
7.0440001487732	-4.6692505217033
7.0479998588562	-4.6677623362644
7.0520000457764	-4.6662626651625
7.0560002326965	-4.6647532028002
7.0599999427795	-4.6632391043934
7.0640001296997	-4.6617204422585
7.0679998397827	-4.6602030183688
7.0720000267029	-4.6586886475860
7.0760002136230	-4.6571811840071
7.0799999237061	-4.6556830784225
7.0840001106262	-4.6541978264403
7.0879998207092	-4.6527269628915
7.0920000076294	-4.6512718653491
7.0960001945496	-4.6498349416316
7.0999999046326	-4.6484198348402
7.1040000915527	-4.6470254840468
7.1079998016357	-4.6456541636137
7.1119999885559	-4.6443084921000
7.1160001754761	-4.6429865743109
7.1199998855591	-4.6416890621844
7.1240000724792	-4.6404167566573
7.1279997825623	-4.6391694366762
7.1319999694824	-4.6379458649058
7.1360001564026	-4.6367454851060
7.1399998664856	-4.6355681543857
7.1440000534058	-4.6344106299561
7.1479997634888	-4.6332720606734
7.1519999504089	-4.6321500225354
7.1560001373291	-4.6310423893136
7.1599998474121	-4.6299478881421
7.1640000343323	-4.6288621772188
7.1680002212524	-4.6277837209647
7.1719999313354	-4.6267094607744
7.1760001182556	-4.6256348026566
7.1799998283386	-4.6245586764801
7.1840000152588	-4.6234767594952
7.1880002021790	-4.6223836368849
7.1919999122620	-4.6212788446244
7.1960000991821	-4.6201573426277
7.1999998092651	-4.6190173066387
7.2039999961853	-4.6178535859457
7.2080001831055	-4.6166640118614
7.2119998931885	-4.6154442879118
7.2160000801086	-4.6141923344073
7.2199997901917	-4.6129061052706
7.2239999771118	-4.6115808698497
7.2280001640320	-4.6102156796872
7.2319998741150	-4.6088075903245
7.2360000610352	-4.6073556910672
7.2399997711182	-4.6058556579808
7.2439999580383	-4.6043097543756
7.2480001449585	-4.6027145758976
7.2519998550415	-4.6010691695653
7.2560000419617	-4.5993742671950
7.2600002288818	-4.5976290388308
7.2639999389648	-4.5958339630450
7.2680001258850	-4.5939897661303
7.2719998359680	-4.5920954134036
7.2760000228882	-4.5901556637128
7.2800002098083	-4.5881701981793
7.2839999198914	-4.5861391910677
7.2880001068115	-4.5840666060715
7.2919998168945	-4.5819551596466
7.2960000038147	-4.5798074090101
7.3000001907349	-4.5776243781760
7.3039999008179	-4.5754127249392
7.3080000877380	-4.5731732167445
7.3119997978210	-4.5709087695623
7.3159999847412	-4.5686251338685
7.3200001716614	-4.5663268256674
7.3239998817444	-4.5640158293777
7.3280000686646	-4.5616955747157
7.3319997787476	-4.5593721893369
7.3359999656677	-4.5570489714824
7.3400001525879	-4.5547292196885
7.3439998626709	-4.5524186924813
7.3480000495911	-4.5501187042112
7.3520002365112	-4.5478349162204
7.3559999465942	-4.5455712135374
7.3600001335144	-4.5433295668192
7.3639998435974	-4.5411121053341
7.3680000305176	-4.5389250898041
7.3720002174377	-4.5367696583000
7.3759999275208	-4.5346469573747
7.3800001144409	-4.5325606546789
7.3839998245239	-4.5305118811230
7.3880000114441	-4.5285018275422
7.3920001983643	-4.5265325721423
7.3959999084473	-4.5246026628791
7.4000000953674	-4.5227160532826
7.4039998054504	-4.5208697226219
7.4079999923706	-4.5190641547475
7.4120001792908	-4.5172957122105
7.4159998893738	-4.5155684682030
7.4200000762939	-4.5138771606382
7.4239997863770	-4.5122217535589
7.4279999732971	-4.5105996844253
7.4320001602173	-4.5090059232746
7.4359998703003	-4.5074398011617
7.4400000572205	-4.5058981715108
7.4439997673035	-4.5043762102425
7.4479999542236	-4.5028726742313
7.4520001411438	-4.5013802946654
7.4559998512268	-4.4998970877663
7.4600000381470	-4.4984176587392
7.4640002250671	-4.4969384111950
7.4679999351501	-4.4954549370942
7.4720001220703	-4.4939620032739
7.4759998321533	-4.4924552755098
7.4800000190735	-4.4909304532835
7.4840002059937	-4.4893832677119
7.4879999160767	-4.4878085664475
7.4920001029968	-4.4862029668998
7.4959998130798	-4.4845621953951
7.5000000000000	-4.4828828373048
7.5040001869202	-4.4811605863912
7.5079998970032	-4.4793919755060
7.5120000839233	-4.4775735067114
7.5159997940063	-4.4757050942137
7.5199999809265	-4.4737814077675
7.5240001678467	-4.4718031238496
7.5279998779297	-4.4697673892809
7.5320000648499	-4.4676712884019
7.5359997749329	-4.4655170262152
7.5399999618530	-4.4633041372641
7.5440001487732	-4.4610312147566
7.5479998588562	-4.4587011003093
7.5520000457764	-4.4563130970087
7.5560002326965	-4.4538681612553
7.5599999427795	-4.4513714957742
7.5640001296997	-4.4488221775910
7.5679998397827	-4.4462243998944
7.5720000267029	-4.4435814242956
7.5760002136230	-4.4408973141763
7.5799999237061	-4.4381752141152
7.5840001106262	-4.4354208081411
7.5879998207092	-4.4326371493489
7.5920000076294	-4.4298289835319
7.5960001945496	-4.4270010275946
7.5999999046326	-4.4241614351388
7.6040000915527	-4.4213123125580
7.6079998016357	-4.4184600807383
7.6119999885559	-4.4156111747137
7.6160001754761	-4.4127694551719
7.6199998855591	-4.4099422719118
7.6240000724792	-4.4071318574937
7.6279997825623	-4.4043482075484
7.6319999694824	-4.4015928120179
7.6360001564026	-4.3988706553410
7.6399998664856	-4.3961876481793
7.6440000534058	-4.3935472216743
7.6479997634888	-4.3909537443574
7.6519999504089	-4.3884099839701
7.6560001373291	-4.3859213264823
7.6599998474121	-4.3834873385486
7.6640000343323	-4.3811144818637
7.6680002212524	-4.3787999356974
7.6719999313354	-4.3765495032989
7.6760001182556	-4.3743595914142
7.6799998283386	-4.3722338140602
7.6840000152588	-4.3701725600031
7.6880002021790	-4.3681723917403
7.6919999122620	-4.3662317168876
7.6960000991821	-4.3643518876106
7.6999998092651	-4.3625282667553
7.7039999961853	-4.3607578691129
7.7080001831055	-4.3590386958305
7.7119998931885	-4.3573653102044
7.7160000801086	-4.3557339534817
7.7199997901917	-4.3541401350072
7.7239999771118	-4.3525801346870
7.7280001640320	-4.3510458860664
7.7319998741150	-4.3495327483756
7.7360000610352	-4.3480351592331
7.7399997711182	-4.3465466784136
7.7439999580383	-4.3450598026950
7.7480001449585	-4.3435696029163
7.7519998550415	-4.3420693296016
7.7560000419617	-4.3405511296462
7.7600002288818	-4.3390080163399
7.7639999389648	-4.3374361649063
7.7680001258850	-4.3358257348021
7.7719998359680	-4.3341742484780
7.7760000228882	-4.3324732386446
7.7800002098083	-4.3307182455223
7.7839999198914	-4.3289038488575
7.7880001068115	-4.3270235572740
7.7919998168945	-4.3250766180587
7.7960000038147	-4.3230563660945
7.8000001907349	-4.3209590236908
7.8039999008179	-4.3187837213465
7.8080000877380	-4.3165279659587
7.8119997978210	-4.3141889016373
7.8159999847412	-4.3117664624888
7.8200001716614	-4.3092615917964
7.8239998817444	-4.3066733268547
7.8280000686646	-4.3040016307136
7.8319997787476	-4.3012504889503
7.8359999656677	-4.2984221259334
7.8400001525879	-4.2955188173521
7.8439998626709	-4.2925436668438
7.8480000495911	-4.2895025743144
7.8520002365112	-4.2863993792431
7.8559999465942	-4.2832415390418
7.8600001335144	-4.2800324449926
7.8639998435974	-4.2767796093445
7.8680000305176	-4.2734901057227
7.8720002174377	-4.2701728053565
7.8759999275208	-4.2668330897836
7.8800001144409	-4.2634791393413
7.8839998245239	-4.2601196915451
7.8880000114441	-4.2567632139378
7.8920001983643	-4.2534170817839
7.8959999084473	-4.2500904051211
7.9000000953674	-4.2467917980221
7.9039998054504	-4.2435283402629
7.9079999923706	-4.2403075865363
7.9120001792908	-4.2371388651754
7.9159998893738	-4.2340286695506
7.9200000762939	-4.2309832262643
7.9239997863770	-4.2280096943679
7.9279999732971	-4.2251143890508
7.9320001602173	-4.2223022612906
7.9359998703003	-4.2195774324227
7.9400000572205	-4.2169453417159
7.9439997673035	-4.2144084474871
7.9479999542236	-4.2119698484424
7.9520001411438	-4.2096307585753
7.9559998512268	-4.2073936782110
7.9600000381470	-4.2052560922726
7.9640002250671	-4.2032213436967
7.9679999351501	-4.2012845583506
7.9720001220703	-4.1994447982834
7.9759998321533	-4.1977005030643
7.9800000190735	-4.1960450721299
7.9840002059937	-4.1944748697611
7.9879999160767	-4.1929851392236
7.9920001029968	-4.1915676578099
7.9959998130798	-4.1902171274911
8.0000000000000	-4.1889259859498
#Parameters = {dr=0.2; gap=0.6; h_cu=0.035; r_ext=2.6; wr=0.6; x=0.76; y=6; z=6}
#"Frequency / GHz"	"S2,1 [Magnitude]"
#------------------------------------
4.0000000000000	-0.73491684095246
4.0040001869202	-0.73769222784779
4.0079998970032	-0.74048860859501
4.0120000839233	-0.74329763499374
4.0159997940063	-0.74611394226241
4.0199999809265	-0.74893084435781
4.0240001678467	-0.75173972511141
4.0279998779297	-0.75453709360904
4.0320000648499	-0.75731434625278
4.0359997749329	-0.76006703296659
4.0399999618530	-0.76278818914282
4.0440001487732	-0.76547408097840
4.0479998588562	-0.76812026552361
4.0520000457764	-0.77072173551442
4.0560002326965	-0.77327279261250
4.0599999427795	-0.77577372721607
4.0640001296997	-0.77821898054548
4.0679998397827	-0.78060861715133
4.0720000267029	-0.78293870611030
4.0760002136230	-0.78521030553348
4.0799999237061	-0.78742099869308
4.0840001106262	-0.78957139456332
4.0879998207092	-0.79166282457925
4.0920000076294	-0.79369696633060
4.0960001945496	-0.79567320823346
4.0999999046326	-0.79759454293256
4.1040000915527	-0.79946540195730
4.1079998016357	-0.80128741089489
4.1119999885559	-0.80306481176124
4.1160001754761	-0.80480059866424
4.1199998855591	-0.80650018656399
4.1240000724792	-0.80816781807888
4.1279997825623	-0.80980934433631
4.1319999694824	-0.81142816409784
4.1360001564026	-0.81303133340327
4.1399998664856	-0.81462397523018
4.1440000534058	-0.81621023584904
4.1479997634888	-0.81779948607073
4.1519999504089	-0.81939482256370
4.1560001373291	-0.82100276026343
4.1599998474121	-0.82262742794308
4.1640000343323	-0.82427649826951
4.1680002212524	-0.82595441723535
4.1719999313354	-0.82766601189021
4.1760001182556	-0.82941700966305
4.1799998283386	-0.83121268683703
4.1840000152588	-0.83305482836077
4.1880002021790	-0.83495019737677
4.1919999122620	-0.83690190326739
4.1960000991821	-0.83891209876806
4.1999998092651	-0.84098399875590
4.2039999961853	-0.84312052634342
4.2080001831055	-0.84532327680791
4.2119998931885	-0.84759471473111
4.2160000801086	-0.84993553534421
4.2199997901917	-0.85234595476843
4.2239999771118	-0.85482574537764
4.2280001640320	-0.85737585551344
4.2319998741150	-0.85999503472729
4.2360000610352	-0.86268152817221
4.2399997711182	-0.86543428570882
4.2439999580383	-0.86825217163753
4.2480001449585	-0.87113136065553
4.2519998550415	-0.87407040842582
4.2560000419617	-0.87706490595532
4.2600002288818	-0.88011294862186
4.2639999389648	-0.88320969925396
4.2680001258850	-0.88635255422739
4.2719998359680	-0.88953613301103
4.2760000228882	-0.89275652985027
4.2800002098083	-0.89601034193745
4.2839999198914	-0.89929212683318
4.2880001068115	-0.90259806514195
4.2919998168945	-0.90592182607673
4.2960000038147	-0.90926153886424
4.3000001907349	-0.91261033612967
4.3039999008179	-0.91596575221822
4.3080000877380	-0.91932184064451
4.3119997978210	-0.92267469631215
4.3159999847412	-0.92602318826126
4.3200001716614	-0.92936045374443
4.3239998817444	-0.93268342749870
4.3280000686646	-0.93598989080976
4.3319997787476	-0.93927681060284
4.3359999656677	-0.94254110103095
4.3400001525879	-0.94578226623280
4.3439998626709	-0.94899634022444
4.3480000495911	-0.95218249204012
4.3520002365112	-0.95534145549427
4.3559999465942	-0.95847019930348
4.3600001335144	-0.96157067910512
4.3639998435974	-0.96464024849707
4.3680000305176	-0.96768206344710
4.3720002174377	-0.97069687892038
4.3759999275208	-0.97368482327438
4.3800001144409	-0.97664777899187
4.3839998245239	-0.97958801741065
4.3880000114441	-0.98250928672826
4.3920001983643	-0.98541299832547
4.3959999084473	-0.98830249044856
4.4000000953674	-0.99117964406098
4.4039998054504	-0.99405043907407
4.4079999923706	-0.99691777563243
4.4120001792908	-0.99978501790671
4.4159998893738	-1.0026571027230
4.4200000762939	-1.0055373104602
4.4239997863770	-1.0084311583407
4.4279999732971	-1.0113415973888
4.4320001602173	-1.0142743227906
4.4359998703003	-1.0172347520256
4.4400000572205	-1.0202245141568
4.4439997673035	-1.0232501552528
4.4479999542236	-1.0263146935052
4.4520001411438	-1.0294231983443
4.4559998512268	-1.0325782722265
4.4600000381470	-1.0357854914605
4.4640002250671	-1.0390463318918
4.4679999351501	-1.0423657413211
4.4720001220703	-1.0457463770040
4.4759998321533	-1.0491911239317
4.4800000190735	-1.0527019617368
4.4840002059937	-1.0562808179140
4.4879999160767	-1.0599299941271
4.4920001029968	-1.0636522142922
4.4959998130798	-1.0674475489060
4.5000000000000	-1.0713153523410
4.5040001869202	-1.0752592584626
4.5079998970032	-1.0792770352831
4.5120000839233	-1.0833695026381
4.5159997940063	-1.0875366274201
4.5199999809265	-1.0917767234635
4.5240001678467	-1.0960879816403
4.5279998779297	-1.1004721222405
4.5320000648499	-1.1049240202569
4.5359997749329	-1.1094438084925
4.5399999618530	-1.1140279865380
4.5440001487732	-1.1186743801946
4.5479998588562	-1.1233825338339
4.5520000457764	-1.1281466343060
4.5560002326965	-1.1329664150475
4.5599999427795	-1.1378372095621
4.5640001296997	-1.1427565271600
4.5679998397827	-1.1477207510535
4.5720000267029	-1.1527279228053
4.5760002136230	-1.1577738943396
4.5799999237061	-1.1628563808849
4.5840001106262	-1.1679730693107
4.5879998207092	-1.1731177724019
4.5920000076294	-1.1782917009800
4.5960001945496	-1.1834891814067
4.5999999046326	-1.1887109907084
4.6040000915527	-1.1939513035401
4.6079998016357	-1.1992095123085
4.6119999885559	-1.2044858667214
4.6160001754761	-1.2097754787316
4.6199998855591	-1.2150798158886
4.6240000724792	-1.2203968068425
4.6279997825623	-1.2257256949156
4.6319999694824	-1.2310651412404
4.6360001564026	-1.2364188542329
4.6399998664856	-1.2417836337160
4.6440000534058	-1.2471617108843
4.6479997634888	-1.2525541298416
4.6519999504089	-1.2579624737895
4.6560001373291	-1.2633867895236
4.6599998474121	-1.2688330201533
4.6640000343323	-1.2742980116831
4.6680002212524	-1.2797898224433
4.6719999313354	-1.2853071963703
4.6760001182556	-1.2908561052802
4.6799998283386	-1.2964388974734
4.6840000152588	-1.3020604601501
4.6880002021790	-1.3077227718769
4.6919999122620	-1.3134320824697
4.6960000991821	-1.3191906451793
4.6999998092651	-1.3250040216522
4.7039999961853	-1.3308759982744
4.7080001831055	-1.3368135888036
4.7119998931885	-1.3428193107688
4.7160000801086	-1.3488985214365
4.7199997901917	-1.3550546041586
4.7239999771118	-1.3612956057188
4.7280001640320	-1.3676219407173
4.7319998741150	-1.3740419873738
4.7360000610352	-1.3805587266378
4.7399997711182	-1.3871744106397
4.7439999580383	-1.3938973854694
4.7480001449585	-1.4007294520050
4.7519998550415	-1.4076738801431
4.7560000419617	-1.4147360589097
4.7600002288818	-1.4219175504169
4.7639999389648	-1.4292237449622
4.7680001258850	-1.4366576256542
4.7719998359680	-1.4442194296917
4.7760000228882	-1.4519134777667
4.7800002098083	-1.4597406576046
4.7839999198914	-1.4677037489956
4.7880001068115	-1.4758048584190
4.7919998168945	-1.4840467896665
4.7960000038147	-1.4924277527577
4.8000001907349	-1.5009496836977
4.8039999008179	-1.5096141878209
4.8080000877380	-1.5184202933102
4.8119997978210	-1.5273692748835
4.8159999847412	-1.5364612708939
4.8200001716614	-1.5456942171454
4.8239998817444	-1.5550692208974
4.8280000686646	-1.5645868620807
4.8319997787476	-1.5742448242432
4.8359999656677	-1.5840441198654
4.8400001525879	-1.5939817575325
4.8439998626709	-1.6040577626848
4.8480000495911	-1.6142716380578
4.8520002365112	-1.6246229170720
4.8559999465942	-1.6351087521461
4.8600001335144	-1.6457311687486
4.8639998435974	-1.6564881316862
4.8680000305176	-1.6673805239964
4.8720002174377	-1.6784051895091
4.8759999275208	-1.6895655885992
4.8800001144409	-1.7008587384362
4.8839998245239	-1.7122858330768
4.8880000114441	-1.7238478281022
4.8920001983643	-1.7355471487239
4.8959999084473	-1.7473819884364
4.9000000953674	-1.7593553915554
4.9039998054504	-1.7714705479984
4.9079999923706	-1.7837268406939
4.9120001792908	-1.7961284921347
4.9159998893738	-1.8086782339295
4.9200000762939	-1.8213800051138
4.9239997863770	-1.8342374191404
4.9279999732971	-1.8472556566214
4.9320001602173	-1.8604374118453
4.9359998703003	-1.8737878979217
4.9400000572205	-1.8873159844777
4.9439997673035	-1.9010224360180
4.9479999542236	-1.9149188764795
4.9520001411438	-1.9290099783844
4.9559998512268	-1.9433016751591
4.9600000381470	-1.9578035461711
4.9640002250671	-1.9725241124549
4.9679999351501	-1.9874683489920
4.9720001220703	-2.0026489535795
4.9759998321533	-2.0180726390297
4.9800000190735	-2.0337485201547
4.9840002059937	-2.0496874524918
4.9879999160767	-2.0658999687519
4.9920001029968	-2.0823949368271
4.9959998130798	-2.0991814508659
5.0000000000000	-2.1162745557640
5.0040001869202	-2.1336789708162
5.0079998970032	-2.1514106285261
5.0120000839233	-2.1694785908218
5.0159997940063	-2.1878939893986
5.0199999809265	-2.2066677892285
5.0240001678467	-2.2258133083170
5.0279998779297	-2.2453388266978
5.0320000648499	-2.2652571720435
5.0359997749329	-2.2855821721798
5.0399999618530	-2.3063220506757
5.0440001487732	-2.3274892065296
5.0479998588562	-2.3490942886186
5.0520000457764	-2.3711506786932
5.0560002326965	-2.3936689894665
5.0599999427795	-2.4166610738058
5.0640001296997	-2.4401374481204
5.0679998397827	-2.4641096618062
5.0720000267029	-2.4885898546715
5.0760002136230	-2.5135889647054
5.0799999237061	-2.5391176153740
5.0840001106262	-2.5651876562434
5.0879998207092	-2.5918123833568
5.0920000076294	-2.6190015237090
5.0960001945496	-2.6467673281723
5.0999999046326	-2.6751209155459
5.1040000915527	-2.7040764515288
5.1079998016357	-2.7336439250528
5.1119999885559	-2.7638378597654
5.1160001754761	-2.7946670790861
5.1199998855591	-2.8261506512982
5.1240000724792	-2.8582971849500
5.1279997825623	-2.8911229270513
5.1319999694824	-2.9246407226494
5.1360001564026	-2.9588665665039
5.1399998664856	-2.9938154733813
5.1440000534058	-3.0295043646047
5.1479997634888	-3.0659476170691
5.1519999504089	-3.1031659023323
5.1560001373291	-3.1411748325980
5.1599998474121	-3.1799949494980
5.1640000343323	-3.2196470015642
5.1680002212524	-3.2601500851055
5.1719999313354	-3.3015281342422
5.1760001182556	-3.3438024763076
5.1799998283386	-3.3870001368705
5.1840000152588	-3.4311451010511
5.1880002021790	-3.4762642497315
5.1919999122620	-3.5223856651447
5.1960000991821	-3.5695400181337
5.1999998092651	-3.6177600217637
5.2039999961853	-3.6670740808874
5.2080001831055	-3.7175199909869
5.2119998931885	-3.7691340473605
5.2160000801086	-3.8219528271293
5.2199997901917	-3.8760171010049
5.2239999771118	-3.9313676721042
5.2280001640320	-3.9880472893025
5.2319998741150	-4.0461031497930
5.2360000610352	-4.1055819341421
5.2399997711182	-4.1665336790913
5.2439999580383	-4.2290094347606
5.2480001449585	-4.2930648690403
5.2519998550415	-4.3587556093888
5.2560000419617	-4.4261390461473
5.2600002288818	-4.4952792904731
5.2639999389648	-4.5662401139973
5.2680001258850	-4.6390867487189
5.2719998359680	-4.7138875749795
5.2760000228882	-4.7907184112247
5.2800002098083	-4.8696503485143
5.2839999198914	-4.9507663485264
5.2880001068115	-5.0341437481460
5.2919998168945	-5.1198706482995
5.2960000038147	-5.2080329733524
5.3000001907349	-5.2987232436790
5.3039999008179	-5.3920385865523
5.3080000877380	-5.4880769005639
5.3119997978210	-5.5869432555872
5.3159999847412	-5.6887456955549
5.3200001716614	-5.7935980517173
5.3239998817444	-5.9016187786906
5.3280000686646	-6.0129304478912
5.3319997787476	-6.1276630008561
5.3359999656677	-6.2459509606606
5.3400001525879	-6.3679352691285
5.3439998626709	-6.4937673051314
5.3480000495911	-6.6236001476981
5.3520002365112	-6.7575984824181
5.3559999465942	-6.8959368782548
5.3600001335144	-7.0387943731954
5.3639998435974	-7.1863668480885
5.3680000305176	-7.3388525418975
5.3720002174377	-7.4964718749078
5.3759999275208	-7.6594504577234
5.3800001144409	-7.8280313767274
5.3839998245239	-8.0024729504086
5.3880000114441	-8.1830504763448
5.3920001983643	-8.3700613949842
5.3959999084473	-8.5638187776565
5.4000000953674	-8.7646634321525
5.4039998054504	-8.9729612499893
5.4079999923706	-9.1891046466963
5.4120001792908	-9.4135230795457
5.4159998893738	-9.6466766125695
5.4200000762939	-9.8890694805294
5.4239997863770	-10.141252469533
5.4279999732971	-10.403825117503
5.4320001602173	-10.677449199365
5.4359998703003	-10.962852590009
5.4400000572205	-11.260837070101
5.4439997673035	-11.572298195412
5.4479999542236	-11.898230434604
5.4520001411438	-12.239747826082
5.4559998512268	-12.598104507760
5.4600000381470	-12.974713047318
5.4640002250671	-13.371180649677
5.4679999351501	-13.789342814262
5.4720001220703	-14.231305728748
5.4759998321533	-14.699505481603
5.4800000190735	-15.196775990000
5.4840002059937	-15.726436995341
5.4879999160767	-16.292410341475
5.4920001029968	-16.899363019151
5.4959998130798	-17.552896318007
5.5000000000000	-18.259791466913
5.5040001869202	-19.028318503758
5.5079998970032	-19.868626281367
5.5120000839233	-20.793203100798
5.5159997940063	-21.817311239297
5.5199999809265	-22.959101314140
5.5240001678467	-24.238378251267
5.5279998779297	-25.670989832443
5.5320000648499	-27.249716099779
5.5359997749329	-28.888232739445
5.5399999618530	-30.297407740331
5.5440001487732	-30.915654172010
5.5479998588562	-30.364123040788
5.5520000457764	-28.989458208865
5.5560002326965	-27.361469778039
5.5599999427795	-25.784322141980
5.5640001296997	-24.351433496141
5.5679998397827	-23.072335293187
5.5720000267029	-21.931741688916
5.5760002136230	-20.909843861444
5.5799999237061	-19.988351132399
5.5840001106262	-19.151840430176
5.5879998207092	-18.387680296494
5.5920000076294	-17.685606536292
5.5960001945496	-17.037253721844
5.5999999046326	-16.435769241247
5.6040000915527	-15.875491207822
5.6079998016357	-15.351702055089
5.6119999885559	-14.860443828821
5.6160001754761	-14.398365423338
5.6199998855591	-13.962602940286
5.6240000724792	-13.550700718905
5.6279997825623	-13.160531301785
5.6319999694824	-12.790245102336
5.6360001564026	-12.438220725873
5.6399998664856	-12.103032521152
5.6440000534058	-11.783415629253
5.6479997634888	-11.478246226997
5.6519999504089	-11.186523506002
5.6560001373291	-10.907343405611
5.6599998474121	-10.639897678751
5.6640000343323	-10.383450727363
5.6680002212524	-10.137339590628
5.6719999313354	-9.9009548947325
5.6760001182556	-9.6737436908299
5.6799998283386	-9.4551999942461
5.6840000152588	-9.2448560415826
5.6880002021790	-9.0422827519045
5.6919999122620	-8.8470821940699
5.6960000991821	-8.6588870265710
5.6999998092651	-8.4773573307271
5.7039999961853	-8.3021700048584
5.7080001831055	-8.1330340732046
5.7119998931885	-7.9696682944403
5.7160000801086	-7.8118157825968
5.7199997901917	-7.6592305114969
5.7239999771118	-7.5116853884185
5.7280001640320	-7.3689626869872
5.7319998741150	-7.2308619867835
5.7360000610352	-7.0971865790242
5.7399997711182	-6.9677594252497
5.7439999580383	-6.8424038839596
5.7480001449585	-6.7209592763507
5.7519998550415	-6.6032696611706
5.7560000419617	-6.4891866712907
5.7600002288818	-6.3785708746799
5.7639999389648	-6.2712885087230
5.7680001258850	-6.1672104201081
5.7719998359680	-6.0662151677996
5.7760000228882	-5.9681878131563
5.7800002098083	-5.8730167039306
5.7839999198914	-5.7805943149144
5.7880001068115	-5.6908183540871
5.7919998168945	-5.6035936013679
5.7960000038147	-5.5188233849107
5.8000001907349	-5.4364220722245
5.8039999008179	-5.3563008902124
5.8080000877380	-5.2783793221193
5.8119997978210	-5.2025787659570
5.8159999847412	-5.1288231961848
5.8200001716614	-5.0570403830380
5.8239998817444	-4.9871595610741
5.8280000686646	-4.9191165813160
5.8319997787476	-4.8528453868026
5.8359999656677	-4.7882855781481
5.8400001525879	-4.7253805727855
5.8439998626709	-4.6640699977672
5.8480000495911	-4.6043046758823
5.8520002365112	-4.5460295910736
5.8559999465942	-4.4891971682254
5.8600001335144	-4.4337601944608
5.8639998435974	-4.3796726742806
5.8680000305176	-4.3268914572862
5.8720002174377	-4.2753760849835
5.8759999275208	-4.2250849095566
5.8800001144409	-4.1759833621107
5.8839998245239	-4.1280336292752
5.8880000114441	-4.0812005762876
5.8920001983643	-4.0354522455664
5.8959999084473	-3.9907556196740
5.9000000953674	-3.9470833108185
5.9039998054504	-3.9044044647697
5.9079999923706	-3.8626909254314
5.9120001792908	-3.8219186915379
5.9159998893738	-3.7820596863254
5.9200000762939	-3.7430944652700
5.9239997863770	-3.7049949173090
5.9279999732971	-3.6677423543824
5.9320001602173	-3.6313148813177
5.9359998703003	-3.5956917871418
5.9400000572205	-3.5608538166076
5.9439997673035	-3.5267824663544
5.9479999542236	-3.4934597757465
5.9520001411438	-3.4608685350583
5.9559998512268	-3.4289924023952
5.9600000381470	-3.3978137491697
5.9640002250671	-3.3673177008517
5.9679999351501	-3.3374894474336
5.9720001220703	-3.3083140374457
5.9759998321533	-3.2797785648038
5.9800000190735	-3.2518661755867
5.9840002059937	-3.2245651889336
5.9879999160767	-3.1978631497491
5.9920001029968	-3.1717457784482
5.9959998130798	-3.1461999868197
6.0000000000000	-3.1212127332382
6.0040001869202	-3.0967735710858
6.0079998970032	-3.0728669749288
6.0120000839233	-3.0494848517896
6.0159997940063	-3.0266138349691
6.0199999809265	-3.0042419978093
6.0240001678467	-2.9823562231890
6.0279998779297	-2.9609464344048
6.0320000648499	-2.9400029073749
6.0359997749329	-2.9195112656327
6.0399999618530	-2.8994604411567
6.0440001487732	-2.8798424564415
6.0479998588562	-2.8606432312444
6.0520000457764	-2.8418531470273
6.0560002326965	-2.8234623877997
6.0599999427795	-2.8054579480081
6.0640001296997	-2.7878308205023
6.0679998397827	-2.7705688446009
6.0720000267029	-2.7536653691467
6.0760002136230	-2.7371078375500
6.0799999237061	-2.7208871351513
6.0840001106262	-2.7049908933496
6.0879998207092	-2.6894123664951
6.0920000076294	-2.6741432047364
6.0960001945496	-2.6591713597521
6.0999999046326	-2.6444876107743
6.1040000915527	-2.6300855478027
6.1079998016357	-2.6159572242467
6.1119999885559	-2.6020920489434
6.1160001754761	-2.5884827343454
6.1199998855591	-2.5751215409274
6.1240000724792	-2.5620005653117
6.1279997825623	-2.5491144641961
6.1319999694824	-2.5364545676012
6.1360001564026	-2.5240154450987
6.1399998664856	-2.5117894848452
6.1440000534058	-2.4997724964178
6.1479997634888	-2.4879579287032
6.1519999504089	-2.4763404210737
6.1560001373291	-2.4649140375767
6.1599998474121	-2.4536767299898
6.1640000343323	-2.4426224135334
6.1680002212524	-2.4317453833901
6.1719999313354	-2.4210433104092
6.1760001182556	-2.4105138588467
6.1799998283386	-2.4001511811492
6.1840000152588	-2.3899526581550
6.1880002021790	-2.3799181634962
6.1919999122620	-2.3700421100746
6.1960000991821	-2.3603222035747
6.1999998092651	-2.3507601178408
6.2039999961853	-2.3413496123144
6.2080001831055	-2.3320909216362
6.2119998931885	-2.3229807907799
6.2160000801086	-2.3140216106315
6.2199997901917	-2.3052078028934
6.2239999771118	-2.2965407936272
6.2280001640320	-2.2880185507248
6.2319998741150	-2.2796395755050
6.2360000610352	-2.2714053743621
6.2399997711182	-2.2633119456668
6.2439999580383	-2.2553596861827
6.2480001449585	-2.2475466128798
6.2519998550415	-2.2398745210590
6.2560000419617	-2.2323425414095
6.2600002288818	-2.2249473737856
6.2639999389648	-2.2176892784089
6.2680001258850	-2.2105660283997
6.2719998359680	-2.2035796985437
6.2760000228882	-2.1967266889085
6.2800002098083	-2.1900053379189
6.2839999198914	-2.1834168320325
6.2880001068115	-2.1769567166897
6.2919998168945	-2.1706261913117
6.2960000038147	-2.1644223151597
6.3000001907349	-2.1583454051632
6.3039999008179	-2.1523906025896
6.3080000877380	-2.1465574872289
6.3119997978210	-2.1408444613814
6.3159999847412	-2.1352473976315
6.3200001716614	-2.1297670047018
6.3239998817444	-2.1243975700428
6.3280000686646	-2.1191401408471
6.3319997787476	-2.1139899679025
6.3359999656677	-2.1089449696169
6.3400001525879	-2.1040007939344
6.3439998626709	-2.0991585636457
6.3480000495911	-2.0944103309698
6.3520002365112	-2.0897571993666
6.3559999465942	-2.0851953734926
6.3600001335144	-2.0807202448526
6.3639998435974	-2.0763307451784
6.3680000305176	-2.0720222399302
6.3720002174377	-2.0677929644706
6.3759999275208	-2.0636399233204
6.3800001144409	-2.0595587478633
6.3839998245239	-2.0555487927568
6.3880000114441	-2.0516061263368
6.3920001983643	-2.0477265091507
6.3959999084473	-2.0439100611309
6.4000000953674	-2.0401524997701
6.4039998054504	-2.0364522197262
6.4079999923706	-2.0328060955065
6.4120001792908	-2.0292124460798
6.4159998893738	-2.0256693068071
6.4200000762939	-2.0221746609944
6.4239997863770	-2.0187261586523
6.4279999732971	-2.0153237767768
6.4320001602173	-2.0119628544977
6.4359998703003	-2.0086443760007
6.4400000572205	-2.0053670029381
6.4439997673035	-2.0021286388573
6.4479999542236	-1.9989292751777
6.4520001411438	-1.9957681899287
6.4559998512268	-1.9926475439942
6.4600000381470	-1.9895607222366
6.4640002250671	-1.9865129249364
6.4679999351501	-1.9835005391451
6.4720001220703	-1.9805272232738
6.4759998321533	-1.9775904093530
6.4800000190735	-1.9746908229004
6.4840002059937	-1.9718280239239
6.4879999160767	-1.9690051534754
6.4920001029968	-1.9662210373182
6.4959998130798	-1.9634770827828
6.5000000000000	-1.9607739583254
6.5040001869202	-1.9581106767668
6.5079998970032	-1.9554899779466
6.5120000839233	-1.9529135440155
6.5159997940063	-1.9503789612268
6.5199999809265	-1.9478915951198
6.5240001678467	-1.9454483486515
6.5279998779297	-1.9430507398138
6.5320000648499	-1.9407023497073
6.5359997749329	-1.9384015146840
6.5399999618530	-1.9361511149937
6.5440001487732	-1.9339482913802
6.5479998588562	-1.9317968337297
6.5520000457764	-1.9296959873723
6.5560002326965	-1.9276462924313
6.5599999427795	-1.9256476363551
6.5640001296997	-1.9237022891836
6.5679998397827	-1.9218074451709
6.5720000267029	-1.9199655272338
6.5760002136230	-1.9181747475855
6.5799999237061	-1.9164363694838
6.5840001106262	-1.9147484778684
6.5879998207092	-1.9131109041773
6.5920000076294	-1.9115244691964
6.5960001945496	-1.9099871346788
6.5999999046326	-1.9084978569189
6.6040000915527	-1.9070570131261
6.6079998016357	-1.9056611316340
6.6119999885559	-1.9043107284953
6.6160001754761	-1.9030041077144
6.6199998855591	-1.9017399853964
6.6240000724792	-1.9005170865054
6.6279997825623	-1.8993336956645
6.6319999694824	-1.8981867932005
6.6360001564026	-1.8970764234730
6.6399998664856	-1.8960001617300
6.6440000534058	-1.8949563679516
6.6479997634888	-1.8939429725514
6.6519999504089	-1.8929586836218
6.6560001373291	-1.8920003048130
6.6599998474121	-1.8910669442373
6.6640000343323	-1.8901566796173
6.6680002212524	-1.8892680089344
6.6719999313354	-1.8883993349979
6.6760001182556	-1.8875483428499
6.6799998283386	-1.8867134355261
6.6840000152588	-1.8858937397010
6.6880002021790	-1.8850864255868
6.6919999122620	-1.8842917676032
6.6960000991821	-1.8835078221414
6.6999998092651	-1.8827330934662
6.7039999961853	-1.8819660451158
6.7080001831055	-1.8812075178325
6.7119998931885	-1.8804556098167
6.7160000801086	-1.8797089635719
6.7199997901917	-1.8789691705624
6.7239999771118	-1.8782339744793
6.7280001640320	-1.8775038068009
6.7319998741150	-1.8767780742604
6.7360000610352	-1.8760579536507
6.7399997711182	-1.8753429467922
6.7439999580383	-1.8746334162837
6.7480001449585	-1.8739294749614
6.7519998550415	-1.8732319485358
6.7560000419617	-1.8725417976074
6.7600002288818	-1.8718592632477
6.7639999389648	-1.8711855525321
6.7680001258850	-1.8705229381953
6.7719998359680	-1.8698690522365
6.7760000228882	-1.8692282766124
6.7800002098083	-1.8686001848883
6.7839999198914	-1.8679863688435
6.7880001068115	-1.8673879408891
6.7919998168945	-1.8668062738481
6.7960000038147	-1.8662435510618
6.8000001907349	-1.8656998944920
6.8039999008179	-1.8651777815918
6.8080000877380	-1.8646768522313
6.8119997978210	-1.8642000104615
6.8159999847412	-1.8637464477195
6.8200001716614	-1.8633194522284
6.8239998817444	-1.8629195465305
6.8280000686646	-1.8625450847569
6.8319997787476	-1.8622020125286
6.8359999656677	-1.8618868899089
6.8400001525879	-1.8616018836968
6.8439998626709	-1.8613465610066
6.8480000495911	-1.8611239152806
6.8520002365112	-1.8609331101688
6.8559999465942	-1.8607723522669
6.8600001335144	-1.8606443673141
6.8639998435974	-1.8605476794345
6.8680000305176	-1.8604828514111
6.8720002174377	-1.8604475376432
6.8759999275208	-1.8604438424760
6.8800001144409	-1.8604710841874
6.8839998245239	-1.8605265978261
6.8880000114441	-1.8606109948350
6.8920001983643	-1.8607232083214
6.8959999084473	-1.8608609134978
6.9000000953674	-1.8610244312206
6.9039998054504	-1.8612118712673
6.9079999923706	-1.8614217705983
6.9120001792908	-1.8616526224180
6.9159998893738	-1.8619030284781
6.9200000762939	-1.8621715093029
6.9239997863770	-1.8624561994684
6.9279999732971	-1.8627557378916
6.9320001602173	-1.8630680055583
6.9359998703003	-1.8633907812622
6.9400000572205	-1.8637244618476
6.9439997673035	-1.8640656033014
6.9479999542236	-1.8644138797342
6.9520001411438	-1.8647648957753
6.9559998512268	-1.8651193733491
6.9600000381470	-1.8654759869389
6.9640002250671	-1.8658329337839
6.9679999351501	-1.8661872360930
6.9720001220703	-1.8665399401903
6.9759998321533	-1.8668890420123
6.9800000190735	-1.8672339532307
6.9840002059937	-1.8675726815765
6.9879999160767	-1.8679056554862
6.9920001029968	-1.8682300884489
6.9959998130798	-1.8685493054876
7.0000000000000	-1.8688595652846
7.0040001869202	-1.8691621324703
7.0079998970032	-1.8694564065027
7.0120000839233	-1.8697438702499
7.0159997940063	-1.8700219560618
7.0199999809265	-1.8702954929982
7.0240001678467	-1.8705601618018
7.0279998779297	-1.8708186652493
7.0320000648499	-1.8710734419239
7.0359997749329	-1.8713226597700
7.0399999618530	-1.8715693511761
7.0440001487732	-1.8718142146106
7.0479998588562	-1.8720566788672
7.0520000457764	-1.8723013036049
7.0560002326965	-1.8725465127370
7.0599999427795	-1.8727960614769
7.0640001296997	-1.8730501175378
7.0679998397827	-1.8733126851704
7.0720000267029	-1.8735810956216
7.0760002136230	-1.8738605159788
7.0799999237061	-1.8741509817674
7.0840001106262	-1.8744546314311
7.0879998207092	-1.8747725738486
7.0920000076294	-1.8751072592899
7.0960001945496	-1.8754603336449
7.0999999046326	-1.8758315359471
7.1040000915527	-1.8762229883268
7.1079998016357	-1.8766372022164
7.1119999885559	-1.8770729761118
7.1160001754761	-1.8775341762439
7.1199998855591	-1.8780184528108
7.1240000724792	-1.8785289943723
7.1279997825623	-1.8790665981952
7.1319999694824	-1.8796301352660
7.1360001564026	-1.8802210466853
7.1399998664856	-1.8808395147965
7.1440000534058	-1.8814844677406
7.1479997634888	-1.8821567796862
7.1519999504089	-1.8828567267692
7.1560001373291	-1.8835826528001
7.1599998474121	-1.8843341892080
7.1640000343323	-1.8851104130841
7.1680002212524	-1.8859116916626
7.1719999313354	-1.8867357358991
7.1760001182556	-1.8875810643873
7.1799998283386	-1.8884473937037
7.1840000152588	-1.8893320234478
7.1880002021790	-1.8902364775721
7.1919999122620	-1.8911542207035
7.1960000991821	-1.8920882278619
7.1999998092651	-1.8930337504668
7.2039999961853	-1.8939893707715
7.2080001831055	-1.8949534632470
7.2119998931885	-1.8959252560789
7.2160000801086	-1.8969011741521
7.2199997901917	-1.8978796884843
7.2239999771118	-1.8988595404524
7.2280001640320	-1.8998379861061
7.2319998741150	-1.9008131144933
7.2360000610352	-1.9017845103085
7.2399997711182	-1.9027486595552
7.2439999580383	-1.9037049565080
7.2480001449585	-1.9046511348960
7.2519998550415	-1.9055876975445
7.2560000419617	-1.9065110006430
7.2600002288818	-1.9074210449926
7.2639999389648	-1.9083170796293
7.2680001258850	-1.9091970192437
7.2719998359680	-1.9100617027635
7.2760000228882	-1.9109087847811
7.2800002098083	-1.9117410080624
7.2839999198914	-1.9125562016131
7.2880001068115	-1.9133525247260
7.2919998168945	-1.9141354998892
7.2960000038147	-1.9148997650441
7.3000001907349	-1.9156497626629
7.3039999008179	-1.9163850502730
7.3080000877380	-1.9171070574577
7.3119997978210	-1.9178149733253
7.3159999847412	-1.9185120816889
7.3200001716614	-1.9191996817843
7.3239998817444	-1.9198781859232
7.3280000686646	-1.9205511303312
7.3319997787476	-1.9212179672839
7.3359999656677	-1.9218818776688
7.3400001525879	-1.9225454457602
7.3439998626709	-1.9232093222382
7.3480000495911	-1.9238761103333
7.3520002365112	-1.9245490533050
7.3559999465942	-1.9252284862141
7.3600001335144	-1.9259182214389
7.3639998435974	-1.9266186449621
7.3680000305176	-1.9273334397008
7.3720002174377	-1.9280632178374
7.3759999275208	-1.9288107042623
7.3800001144409	-1.9295788441775
7.3839998245239	-1.9303675543226
7.3880000114441	-1.9311796825086
7.3920001983643	-1.9320153624078
7.3959999084473	-1.9328781689524
7.4000000953674	-1.9337666729522
7.4039998054504	-1.9346851711068
7.4079999923706	-1.9356304125582
7.4120001792908	-1.9366069721195
7.4159998893738	-1.9376125796895
7.4200000762939	-1.9386483219433
7.4239997863770	-1.9397158479384
7.4279999732971	-1.9408127631426
7.4320001602173	-1.9419392140668
7.4359998703003	-1.9430952530768
7.4400000572205	-1.9442803110584
7.4439997673035	-1.9454921157301
7.4479999542236	-1.9467299416002
7.4520001411438	-1.9479925699929
7.4559998512268	-1.9492793843614
7.4600000381470	-1.9505870069517
7.4640002250671	-1.9519138845791
7.4679999351501	-1.9532587785105
7.4720001220703	-1.9546194446650
7.4759998321533	-1.9559931790374
7.4800000190735	-1.9573769430835
7.4840002059937	-1.9587690284068
7.4879999160767	-1.9601662341132
7.4920001029968	-1.9615672577394
7.4959998130798	-1.9629699286214
7.5000000000000	-1.9643676961709
7.5040001869202	-1.9657632659733
7.5079998970032	-1.9671499253325
7.5120000839233	-1.9685273957110
7.5159997940063	-1.9698939173926
7.5199999809265	-1.9712447047559
7.5240001678467	-1.9725793688957
7.5279998779297	-1.9738961723962
7.5320000648499	-1.9751915601235
7.5359997749329	-1.9764655809105
7.5399999618530	-1.9777160042934
7.5440001487732	-1.9789404647747
7.5479998588562	-1.9801401295054
7.5520000457764	-1.9813133552256
7.5560002326965	-1.9824596798631
7.5599999427795	-1.9835776881616
7.5640001296997	-1.9846688969283
7.5679998397827	-1.9857320223295
7.5720000267029	-1.9867678141522
7.5760002136230	-1.9877787324245
7.5799999237061	-1.9887628282472
7.5840001106262	-1.9897236147832
7.5879998207092	-1.9906614172423
7.5920000076294	-1.9915780979569
7.5960001945496	-1.9924753926551
7.5999999046326	-1.9933555122942
7.6040000915527	-1.9942204969202
7.6079998016357	-1.9950742794261
7.6119999885559	-1.9959181422242
7.6160001754761	-1.9967546473122
7.6199998855591	-1.9975870372342
7.6240000724792	-1.9984190173524
7.6279997825623	-1.9992515147583
7.6319999694824	-2.0000899807416
7.6360001564026	-2.0009366444683
7.6399998664856	-2.0017942024705
7.6440000534058	-2.0026660896541
7.6479997634888	-2.0035559096618
7.6519999504089	-2.0044653034689
7.6560001373291	-2.0053970077030
7.6599998474121	-2.0063557085834
7.6640000343323	-2.0073418029894
7.6680002212524	-2.0083599207781
7.6719999313354	-2.0094095854281
7.6760001182556	-2.0104946184740
7.6799998283386	-2.0116161742663
7.6840000152588	-2.0127760326587
7.6880002021790	-2.0139736633157
7.6919999122620	-2.0152130176471
7.6960000991821	-2.0164914201501
7.6999998092651	-2.0178126086606
7.7039999961853	-2.0191737910504
7.7080001831055	-2.0205766828553
7.7119998931885	-2.0220190484981
7.7160000801086	-2.0235013397255
7.7199997901917	-2.0250208742572
7.7239999771118	-2.0265776684035
7.7280001640320	-2.0281684886258
7.7319998741150	-2.0297923773032
7.7360000610352	-2.0314454305854
7.7399997711182	-2.0331261340892
7.7439999580383	-2.0348315512706
7.7480001449585	-2.0365593708037
7.7519998550415	-2.0383044507832
7.7560000419617	-2.0400639908705
7.7600002288818	-2.0418346173985
7.7639999389648	-2.0436127505624
7.7680001258850	-2.0453942097709
7.7719998359680	-2.0471756720725
7.7760000228882	-2.0489526490704
7.7800002098083	-2.0507219309500
7.7839999198914	-2.0524787862629
7.7880001068115	-2.0542195692052
7.7919998168945	-2.0559407407709
7.7960000038147	-2.0576392273548
7.8000001907349	-2.0593111308200
7.8039999008179	-2.0609521854644
7.8080000877380	-2.0625620319708
7.8119997978210	-2.0641354384437
7.8159999847412	-2.0656717502958
7.8200001716614	-2.0671668090709
7.8239998817444	-2.0686208652455
7.8280000686646	-2.0700309901919
7.8319997787476	-2.0713965951178
7.8359999656677	-2.0727178048899
7.8400001525879	-2.0739922956408
7.8439998626709	-2.0752219285898
7.8480000495911	-2.0764050271852
7.8520002365112	-2.0775446863057
7.8559999465942	-2.0786409365457
7.8600001335144	-2.0796954192940
7.8639998435974	-2.0807102564341
7.8680000305176	-2.0816876554096
7.8720002174377	-2.0826322527808
7.8759999275208	-2.0835442853417
7.8800001144409	-2.0844289547930
7.8839998245239	-2.0852890848613
7.8880000114441	-2.0861285187924
7.8920001983643	-2.0869516756151
7.8959999084473	-2.0877649901685
7.9000000953674	-2.0885702967596
7.9039998054504	-2.0893733943289
7.9079999923706	-2.0901793695278
7.9120001792908	-2.0909914664491
7.9159998893738	-2.0918185905786
7.9200000762939	-2.0926625384828
7.9239997863770	-2.0935291502578
7.9279999732971	-2.0944228015859
7.9320001602173	-2.0953499389758
7.9359998703003	-2.0963118653617
7.9400000572205	-2.0973144308135
7.9439997673035	-2.0983638125274
7.9479999542236	-2.0994605752476
7.9520001411438	-2.1006097632140
7.9559998512268	-2.1018135683536
7.9600000381470	-2.1030758526027
7.9640002250671	-2.1043986327589
7.9679999351501	-2.1057822126737
7.9720001220703	-2.1072304520855
7.9759998321533	-2.1087423304022
7.9800000190735	-2.1103183102321
7.9840002059937	-2.1119594648915
7.9879999160767	-2.1136639726395
7.9920001029968	-2.1154321290130
7.9959998130798	-2.1172600758540
8.0000000000000	-2.1191474512897
