#Parameters = {dr=0.2; gap=0.6; h_cu=0.035; r_ext=2.6; wr=0.6; x=0.76; y=6; z=6}
#"Frequency / GHz"	"S1,1 [Magnitude]"
#------------------------------------
4.0000000000000	-8.1343964334134
4.0040001869202	-8.1259493948549
4.0079998970032	-8.1177482451091
4.0120000839233	-8.1097721150058
4.0159997940063	-8.1019972491276
4.0199999809265	-8.0944004550952
4.0240001678467	-8.0869562025720
4.0279998779297	-8.0796388596637
4.0320000648499	-8.0724180719843
4.0359997749329	-8.0652717394695
4.0399999618530	-8.0581688164144
4.0440001487732	-8.0510821272598
4.0479998588562	-8.0439847342612
4.0520000457764	-8.0368481491548
4.0560002326965	-8.0296468083094
4.0599999427795	-8.0223542155221
4.0640001296997	-8.0149458573918
4.0679998397827	-8.0073986538470
4.0720000267029	-7.9996895490937
4.0760002136230	-7.9917972820254
4.0799999237061	-7.9837040509194
4.0840001106262	-7.9753916016446
4.0879998207092	-7.9668463921565
4.0920000076294	-7.9580519480448
4.0960001945496	-7.9489996454856
4.0999999046326	-7.9396778555596
4.1040000915527	-7.9300830919339
4.1079998016357	-7.9202080292653
4.1119999885559	-7.9100521151952
4.1160001754761	-7.8996131717908
4.1199998855591	-7.8888959346211
4.1240000724792	-7.8779018933087
4.1279997825623	-7.8666378372127
4.1319999694824	-7.8551145625634
4.1360001564026	-7.8433383973103
4.1399998664856	-7.8313252966653
4.1440000534058	-7.8190860433864
4.1479997634888	-7.8066348231044
4.1519999504089	-7.7939903567248
4.1560001373291	-7.7811697822769
4.1599998474121	-7.7681903086111
4.1640000343323	-7.7550734830215
4.1680002212524	-7.7418363671066
4.1719999313354	-7.7285018172963
4.1760001182556	-7.7150899751176
4.1799998283386	-7.7016236764786
4.1840000152588	-7.6881203503334
4.1880002021790	-7.6746041620500
4.1919999122620	-7.6610918018182
4.1960000991821	-7.6476065613282
4.1999998092651	-7.6341656538280
4.2039999961853	-7.6207885656885
4.2080001831055	-7.6074914989965
4.2119998931885	-7.5942925005590
4.2160000801086	-7.5812039916150
4.2199997901917	-7.5682435362541
4.2239999771118	-7.5554201532931
4.2280001640320	-7.5427452765141
4.2319998741150	-7.5302301528470
4.2360000610352	-7.5178798370740
4.2399997711182	-7.5057038857195
4.2439999580383	-7.4937059095371
4.2480001449585	-7.4818887453589
4.2519998550415	-7.4702525063068
4.2560000419617	-7.4587985175053
4.2600002288818	-7.4475241128128
4.2639999389648	-7.4364270299673
4.2680001258850	-7.4255001975385
4.2719998359680	-7.4147385955184
4.2760000228882	-7.4041339035172
4.2800002098083	-7.3936771861402
4.2839999198914	-7.3833574464647
4.2880001068115	-7.3731644873970
4.2919998168945	-7.3630843768867
4.2960000038147	-7.3531035315872
4.3000001907349	-7.3432076070997
4.3039999008179	-7.3333819361121
4.3080000877380	-7.3236087706480
4.3119997978210	-7.3138752879014
4.3159999847412	-7.3041614706294
4.3200001716614	-7.2944527223390
4.3239998817444	-7.2847323535396
4.3280000686646	-7.2749822043904
4.3319997787476	-7.2651861995401
4.3359999656677	-7.2553287905553
4.3400001525879	-7.2453928101273
4.3439998626709	-7.2353640612773
4.3480000495911	-7.2252267335652
4.3520002365112	-7.2149676400777
4.3559999465942	-7.2045744798042
4.3600001335144	-7.1940340101271
4.3639998435974	-7.1833350280788
4.3680000305176	-7.1724683197755
4.3720002174377	-7.1614260950328
4.3759999275208	-7.1501981788851
4.3800001144409	-7.1387822266487
4.3839998245239	-7.1271703895620
4.3880000114441	-7.1153596940411
4.3920001983643	-7.1033489229630
4.3959999084473	-7.0911363726182
4.4000000953674	-7.0787226522274
4.4039998054504	-7.0661106078018
4.4079999923706	-7.0533011125603
4.4120001792908	-7.0403011466268
4.4159998893738	-7.0271140853188
4.4200000762939	-7.0137476447642
4.4239997863770	-7.0002082980422
4.4279999732971	-6.9865066316622
4.4320001602173	-6.9726503647133
4.4359998703003	-6.9586501982706
4.4400000572205	-6.9445168625982
4.4439997673035	-6.9302628939435
4.4479999542236	-6.9158994265093
4.4520001411438	-6.9014382048380
4.4559998512268	-6.8868926375899
4.4600000381470	-6.8722760546517
4.4640002250671	-6.8576014907593
4.4679999351501	-6.8428788803217
4.4720001220703	-6.8281243695328
4.4759998321533	-6.8133476043381
4.4800000190735	-6.7985629565034
4.4840002059937	-6.7837794258681
4.4879999160767	-6.7690096314878
4.4920001029968	-6.7542638990744
4.4959998130798	-6.7395512899890
4.5000000000000	-6.7248816756918
4.5040001869202	-6.7102622476751
4.5079998970032	-6.6956994572213
4.5120000839233	-6.6812014895138
4.5159997940063	-6.6667715234583
4.5199999809265	-6.6524140899760
4.5240001678467	-6.6381344031658
4.5279998779297	-6.6239322139667
4.5320000648499	-6.6098096375199
4.5359997749329	-6.5957661891971
4.5399999618530	-6.5818012761431
4.5440001487732	-6.5679122661999
4.5479998588562	-6.5540966262219
4.5520000457764	-6.5403482642913
4.5560002326965	-6.5266648815576
4.5599999427795	-6.5130392680629
4.5640001296997	-6.4994651766043
4.5679998397827	-6.4859319076124
4.5720000267029	-6.4724346615043
4.5760002136230	-6.4589632714717
4.5799999237061	-6.4455063284640
4.5840001106262	-6.4320556266394
4.5879998207092	-6.4185997385844
4.5920000076294	-6.4051267846970
4.5960001945496	-6.3916270381379
4.5999999046326	-6.3780872278135
4.6040000915527	-6.3644961819210
4.6079998016357	-6.3508425654822
4.6119999885559	-6.3371140189840
4.6160001754761	-6.3232988674392
4.6199998855591	-6.3093864796599
4.6240000724792	-6.2953660973984
4.6279997825623	-6.2812252166303
4.6319999694824	-6.2669554651233
4.6360001564026	-6.2525457915822
4.6399998664856	-6.2379876624837
4.6440000534058	-6.2232739585695
4.6479997634888	-6.2083930996100
4.6519999504089	-6.1933410441861
4.6560001373291	-6.1781118469245
4.6599998474121	-6.1626982819679
4.6640000343323	-6.1470970276295
4.6680002212524	-6.1313024621356
4.6719999313354	-6.1153156327992
4.6760001182556	-6.0991309601378
4.6799998283386	-6.0827491007564
4.6840000152588	-6.0661685905460
4.6880002021790	-6.0493923662446
4.6919999122620	-6.0324207226303
4.6960000991821	-6.0152567625598
4.6999998092651	-5.9979032159012
4.7039999961853	-5.9803645176175
4.7080001831055	-5.9626431792150
4.7119998931885	-5.9447478475934
4.7160000801086	-5.9266828751769
4.7199997901917	-5.9084550749225
4.7239999771118	-5.8900703103962
4.7280001640320	-5.8715368231689
4.7319998741150	-5.8528621591197
4.7360000610352	-5.8340544649570
4.7399997711182	-5.8151214533147
4.7439999580383	-5.7960710221172
4.7480001449585	-5.7769131750509
4.7519998550415	-5.7576544786262
4.7560000419617	-5.7383026799883
4.7600002288818	-5.7188664478033
4.7639999389648	-5.6993546044111
4.7680001258850	-5.6797722580894
4.7719998359680	-5.6601284349252
4.7760000228882	-5.6404277872227
4.7800002098083	-5.6206780061425
4.7839999198914	-5.6008840577486
4.7880001068115	-5.5810505489565
4.7919998168945	-5.5611823000434
4.7960000038147	-5.5412837210948
4.8000001907349	-5.5213562085381
4.8039999008179	-5.5014018701395
4.8080000877380	-5.4814239355606
4.8119997978210	-5.4614214550451
4.8159999847412	-5.4413953490812
4.8200001716614	-5.4213451603935
4.8239998817444	-5.4012687023649
4.8280000686646	-5.3811624382088
4.8319997787476	-5.3610275631194
4.8359999656677	-5.3408548467704
4.8400001525879	-5.3206428983072
4.8439998626709	-5.3003866701559
4.8480000495911	-5.2800793510265
4.8520002365112	-5.2597161795003
4.8559999465942	-5.2392879122838
4.8600001335144	-5.2187873978104
4.8639998435974	-5.1982095153997
4.8680000305176	-5.1775427171827
4.8720002174377	-5.1567793304103
4.8759999275208	-5.1359119958900
4.8800001144409	-5.1149295203549
4.8839998245239	-5.0938246700145
4.8880000114441	-5.0725846826706
4.8920001983643	-5.0512041778813
4.8959999084473	-5.0296695516331
4.9000000953674	-5.0079744567226
4.9039998054504	-4.9861079032050
4.9079999923706	-4.9640615395380
4.9120001792908	-4.9418277235207
4.9159998893738	-4.9193959402862
4.9200000762939	-4.8967571796122
4.9239997863770	-4.8739076343538
4.9279999732971	-4.8508367698561
4.9320001602173	-4.8275391355350
4.9359998703003	-4.8040088288749
4.9400000572205	-4.7802394829175
4.9439997673035	-4.7562251288918
4.9479999542236	-4.7319646251321
4.9520001411438	-4.7074508738363
4.9559998512268	-4.6826841924524
4.9600000381470	-4.6576589094236
4.9640002250671	-4.6323766650932
4.9679999351501	-4.6068330916989
4.9720001220703	-4.5810292863945
4.9759998321533	-4.5549664776104
4.9800000190735	-4.5286460084434
4.9840002059937	-4.5020693375659
4.9879999160767	-4.4752371615791
4.9920001029968	-4.4481528892548
4.9959998130798	-4.4208217502564
5.0000000000000	-4.3932464741732
5.0040001869202	-4.3654298892550
5.0079998970032	-4.3373801213756
5.0120000839233	-4.3091001968535
5.0159997940063	-4.2805959477774
5.0199999809265	-4.2518724688204
5.0240001678467	-4.2229375368265
5.0279998779297	-4.1937956868343
5.0320000648499	-4.1644543999691
5.0359997749329	-4.1349194738267
5.0399999618530	-4.1051979489729
5.0440001487732	-4.0752954779678
5.0479998588562	-4.0452179837708
5.0520000457764	-4.0149725578394
5.0560002326965	-3.9845641295323
5.0599999427795	-3.9539998130069
5.0640001296997	-3.9232844542537
5.0679998397827	-3.8924227719000
5.0720000267029	-3.8614195263213
5.0760002136230	-3.8302795678409
5.0799999237061	-3.7990062662138
5.0840001106262	-3.7676042758070
5.0879998207092	-3.7360766976892
5.0920000076294	-3.7044251519763
5.0960001945496	-3.6726531351593
5.0999999046326	-3.6407604732320
5.1040000915527	-3.6087500432380
5.1079998016357	-3.5766223831479
5.1119999885559	-3.5443768003988
5.1160001754761	-3.5120134423615
5.1199998855591	-3.4795323477534
5.1240000724792	-3.4469325392963
5.1279997825623	-3.4142109581605
5.1319999694824	-3.3813667782907
5.1360001564026	-3.3483982027661
5.1399998664856	-3.3153019868405
5.1440000534058	-3.2820761474458
5.1479997634888	-3.2487155415861
5.1519999504089	-3.2152185098493
5.1560001373291	-3.1815807808372
5.1599998474121	-3.1478001197958
5.1640000343323	-3.1138717892826
5.1680002212524	-3.0797920710530
5.1719999313354	-3.0455588276930
5.1760001182556	-3.0111661403014
5.1799998283386	-2.9766134538322
5.1840000152588	-2.9418961750809
5.1880002021790	-2.9070118745764
5.1919999122620	-2.8719588442642
5.1960000991821	-2.8367325728349
5.1999998092651	-2.8013351688876
5.2039999961853	-2.7657630984517
5.2080001831055	-2.7300161989963
5.2119998931885	-2.6940947295589
5.2160000801086	-2.6580000431611
5.2199997901917	-2.6217312358659
5.2239999771118	-2.5852935918367
5.2280001640320	-2.5486874514661
5.2319998741150	-2.5119174639353
5.2360000610352	-2.4749880955622
5.2399997711182	-2.4379039829509
5.2439999580383	-2.4006728690891
5.2480001449585	-2.3632997167621
5.2519998550415	-2.3257935326727
5.2560000419617	-2.2881632603211
5.2600002288818	-2.2504174515596
5.2639999389648	-2.2125681846171
5.2680001258850	-2.1746261089936
5.2719998359680	-2.1366030435047
5.2760000228882	-2.0985127427771
5.2800002098083	-2.0603709563029
5.2839999198914	-2.0221904154763
5.2880001068115	-1.9839878068581
5.2919998168945	-1.9457790897823
5.2960000038147	-1.9075821331191
5.3000001907349	-1.8694145511310
5.3039999008179	-1.8312951175708
5.3080000877380	-1.7932425361610
5.3119997978210	-1.7552771219369
5.3159999847412	-1.7174197733226
5.3200001716614	-1.6796908281107
5.3239998817444	-1.6421112621985
5.3280000686646	-1.6047032329286
5.3319997787476	-1.5674891541850
5.3359999656677	-1.5304910830694
5.3400001525879	-1.4937311864309
5.3439998626709	-1.4572337558554
5.3480000495911	-1.4210214359208
5.3520002365112	-1.3851162641781
5.3559999465942	-1.3495426056499
5.3600001335144	-1.3143240887694
5.3639998435974	-1.2794829138596
5.3680000305176	-1.2450428581993
5.3720002174377	-1.2110267227860
5.3759999275208	-1.1774573640096
5.3800001144409	-1.1443582660678
5.3839998245239	-1.1117518059692
5.3880000114441	-1.0796578427980
5.3920001983643	-1.0481021279566
5.3959999084473	-1.0171040736474
5.4000000953674	-0.98668429451287
5.4039998054504	-0.95686534065829
5.4079999923706	-0.92766648349097
5.4120001792908	-0.89910589740345
5.4159998893738	-0.87120634160685
5.4200000762939	-0.84398482967083
5.4239997863770	-0.81745919123054
5.4279999732971	-0.79164925959372
5.4320001602173	-0.76657017192881
5.4359998703003	-0.74223885625048
5.4400000572205	-0.71867242052692
5.4439997673035	-0.69588623425370
5.4479999542236	-0.67389254753535
5.4520001411438	-0.65270980844849
5.4559998512268	-0.63234731632961
5.4600000381470	-0.61282045757906
5.4640002250671	-0.59413989404036
5.4679999351501	-0.57631868845726
5.4720001220703	-0.55936599727225
5.4759998321533	-0.54329299552126
5.4800000190735	-0.52810866049923
5.4840002059937	-0.51382216440889
5.4879999160767	-0.50044003165759
5.4920001029968	-0.48797061023869
5.4959998130798	-0.47642163183744
5.5000000000000	-0.46579789054136
5.5040001869202	-0.45610381343279
5.5079998970032	-0.44734552671659
5.5120000839233	-0.43952592623576
5.5159997940063	-0.43264789164925
5.5199999809265	-0.42671318200362
5.5240001678467	-0.42172676234077
5.5279998779297	-0.41768515354536
5.5320000648499	-0.41459297047132
5.5359997749329	-0.41244729202016
5.5399999618530	-0.41124707786636
5.5440001487732	-0.41099128406297
5.5479998588562	-0.41167772373382
5.5520000457764	-0.41330283815689
5.5560002326965	-0.41586316504013
5.5599999427795	-0.41935444369143
5.5640001296997	-0.42376986219983
5.5679998397827	-0.42910662172247
5.5720000267029	-0.43535581253129
5.5760002136230	-0.44251230872623
5.5799999237061	-0.45056775839696
5.5840001106262	-0.45951208137071
5.5879998207092	-0.46933962507664
5.5920000076294	-0.48003844951088
5.5960001945496	-0.49159784662215
5.5999999046326	-0.50400964206303
5.6040000915527	-0.51725980352063
5.6079998016357	-0.53133571942866
5.6119999885559	-0.54622854061194
5.6160001754761	-0.56192043707932
5.6199998855591	-0.57840254529740
5.6240000724792	-0.59565659009933
5.6279997825623	-0.61366698934882
5.6319999694824	-0.63242319629033
5.6360001564026	-0.65190582324014
5.6399998664856	-0.67209749972363
5.6440000534058	-0.69298310911424
5.6479997634888	-0.71454571250976
5.6519999504089	-0.73676507128777
5.6560001373291	-0.75962465690907
5.6599998474121	-0.78310532001937
5.6640000343323	-0.80718769723332
5.6680002212524	-0.83185268970905
5.6719999313354	-0.85708045316442
5.6760001182556	-0.88284909495229
5.6799998283386	-0.90913987882056
5.6840000152588	-0.93593177061067
5.6880002021790	-0.96320336757522
5.6919999122620	-0.99093199257824
5.6960000991821	-1.0190988390461
5.6999998092651	-1.0476799378516
5.7039999961853	-1.0766539636024
5.7080001831055	-1.1059993629102
5.7119998931885	-1.1356938550413
5.7160000801086	-1.1657158007598
5.7199997901917	-1.1960432311082
5.7239999771118	-1.2266521011871
5.7280001640320	-1.2575240565585
5.7319998741150	-1.2886345393212
5.7360000610352	-1.3199628083027
5.7399997711182	-1.3514866938428
5.7439999580383	-1.3831862255385
5.7480001449585	-1.4150395442997
5.7519998550415	-1.4470256368693
5.7560000419617	-1.4791240066166
5.7600002288818	-1.5113148280378
5.7639999389648	-1.5435804096364
5.7680001258850	-1.5758985903166
5.7719998359680	-1.6082521362576
5.7760000228882	-1.6406219167221
5.7800002098083	-1.6729924681816
5.7839999198914	-1.7053439487331
5.7880001068115	-1.7376617329818
5.7919998168945	-1.7699294010344
5.7960000038147	-1.8021302373811
5.8000001907349	-1.8342512232370
5.8039999008179	-1.8662795082489
5.8080000877380	-1.8981987584159
5.8119997978210	-1.9299990822755
5.8159999847412	-1.9616662071643
5.8200001716614	-1.9931918397379
5.8239998817444	-2.0245635999708
5.8280000686646	-2.0557728490691
5.8319997787476	-2.0868100096238
5.8359999656677	-2.1176673185702
5.8400001525879	-2.1483374401984
5.8439998626709	-2.1788120933667
5.8480000495911	-2.2090872020987
5.8520002365112	-2.2391570465162
5.8559999465942	-2.2690162219493
5.8600001335144	-2.2986599851069
5.8639998435974	-2.3280869631006
5.8680000305176	-2.3572916928244
5.8720002174377	-2.3862739127758
5.8759999275208	-2.4150307909646
5.8800001144409	-2.4435601282966
5.8839998245239	-2.4718649792360
5.8880000114441	-2.4999410181524
5.8920001983643	-2.5277886467191
5.8959999084473	-2.5554092431521
5.9000000953674	-2.5828030134172
5.9039998054504	-2.6099740321079
5.9079999923706	-2.6369179433236
5.9120001792908	-2.6636413661814
5.9159998893738	-2.6901429296785
5.9200000762939	-2.7164256246079
5.9239997863770	-2.7424914814768
5.9279999732971	-2.7683419231881
5.9320001602173	-2.7939795413874
5.9359998703003	-2.8194053015745
5.9400000572205	-2.8446225448451
5.9439997673035	-2.8696326593978
5.9479999542236	-2.8944378755202
5.9520001411438	-2.9190405668462
5.9559998512268	-2.9434406337728
5.9600000381470	-2.9676395136695
5.9640002250671	-2.9916405036839
5.9679999351501	-3.0154435783473
5.9720001220703	-3.0390504373661
5.9759998321533	-3.0624625404403
5.9800000190735	-3.0856766882651
5.9840002059937	-3.1086974057863
5.9879999160767	-3.1315233618949
5.9920001029968	-3.1541549095552
5.9959998130798	-3.1765898770816
6.0000000000000	-3.1988284975710
6.0040001869202	-3.2208715348438
6.0079998970032	-3.2427155409573
6.0120000839233	-3.2643620862792
6.0159997940063	-3.2858065591255
6.0199999809265	-3.3070502012860
6.0240001678467	-3.3280887615962
6.0279998779297	-3.3489237570692
6.0320000648499	-3.3695493508203
6.0359997749329	-3.3899660220386
6.0399999618530	-3.4101713860573
6.0440001487732	-3.4301612023517
6.0479998588562	-3.4499359457820
6.0520000457764	-3.4694906085238
6.0560002326965	-3.4888260699708
6.0599999427795	-3.5079388342139
6.0640001296997	-3.5268240224930
6.0679998397827	-3.5454840015116
6.0720000267029	-3.5639151004013
6.0760002136230	-3.5821150775846
6.0799999237061	-3.6000810975871
6.0840001106262	-3.6178141960299
6.0879998207092	-3.6353124897723
6.0920000076294	-3.6525749207361
6.0960001945496	-3.6695990337911
6.0999999046326	-3.6863872035142
6.1040000915527	-3.7029362901832
6.1079998016357	-3.7192486123471
6.1119999885559	-3.7353232447590
6.1160001754761	-3.7511624179541
6.1199998855591	-3.7667645758275
6.1240000724792	-3.7821324696968
6.1279997825623	-3.7972686931160
6.1319999694824	-3.8121705904319
6.1360001564026	-3.8268465859773
6.1399998664856	-3.8412945944038
6.1440000534058	-3.8555189481176
6.1479997634888	-3.8695239083457
6.1519999504089	-3.8833107935683
6.1560001373291	-3.8968831068441
6.1599998474121	-3.9102464772044
6.1640000343323	-3.9234021694655
6.1680002212524	-3.9363577081811
6.1719999313354	-3.9491137540576
6.1760001182556	-3.9616787474221
6.1799998283386	-3.9740535586369
6.1840000152588	-3.9862468083163
6.1880002021790	-3.9982603556830
6.1919999122620	-4.0101004726326
6.1960000991821	-4.0217712280271
6.1999998092651	-4.0332791828723
6.2039999961853	-4.0446284576774
6.2080001831055	-4.0558244857222
6.2119998931885	-4.0668698730073
6.2160000801086	-4.0777705034392
6.2199997901917	-4.0885342025889
6.2239999771118	-4.0991610200391
6.2280001640320	-4.1096572341114
6.2319998741150	-4.1200284991747
6.2360000610352	-4.1302760408498
6.2399997711182	-4.1404057748364
6.2439999580383	-4.1504193228790
6.2480001449585	-4.1603212646593
6.2519998550415	-4.1701147237053
6.2560000419617	-4.1798017908620
6.2600002288818	-4.1893854697993
6.2639999389648	-4.1988682229299
6.2680001258850	-4.2082505007095
6.2719998359680	-4.2175357458071
6.2760000228882	-4.2267240452582
6.2800002098083	-4.2358180043286
6.2839999198914	-4.2448158895925
6.2880001068115	-4.2537201959363
6.2919998168945	-4.2625307084895
6.2960000038147	-4.2712464401739
6.3000001907349	-4.2798679081862
6.3039999008179	-4.2883948465324
6.3080000877380	-4.2968266411029
6.3119997978210	-4.3051611698285
6.3159999847412	-4.3133977091318
6.3200001716614	-4.3215363986953
6.3239998817444	-4.3295737494069
6.3280000686646	-4.3375096938534
6.3319997787476	-4.3453419935589
6.3359999656677	-4.3530680221507
6.3400001525879	-4.3606876029626
6.3439998626709	-4.3681967730170
6.3480000495911	-4.3755961074214
6.3520002365112	-4.3828830884436
6.3559999465942	-4.3900540190524
6.3600001335144	-4.3971106410605
6.3639998435974	-4.4040482749328
6.3680000305176	-4.4108674950993
6.3720002174377	-4.4175655974288
6.3759999275208	-4.4241416347548
6.3800001144409	-4.4305942894795
6.3839998245239	-4.4369243536666
6.3880000114441	-4.4431276575952
6.3920001983643	-4.4492070821748
6.3959999084473	-4.4551620845289
6.4000000953674	-4.4609908929819
6.4039998054504	-4.4666934915988
6.4079999923706	-4.4722742195880
6.4120001792908	-4.4777288298978
6.4159998893738	-4.4830608475637
6.4200000762939	-4.4882718668016
6.4239997863770	-4.4933625365984
6.4279999732971	-4.4983343534274
6.4320001602173	-4.5031901285621
6.4359998703003	-4.5079320032824
6.4400000572205	-4.5125610800362
6.4439997673035	-4.5170819406223
6.4479999542236	-4.5214969845009
6.4520001411438	-4.5258081890946
6.4559998512268	-4.5300187114663
6.4600000381470	-4.5341338284885
6.4640002250671	-4.5381547693256
6.4679999351501	-4.5420873475774
6.4720001220703	-4.5459327009393
6.4759998321533	-4.5496969323699
6.4800000190735	-4.5533816933951
6.4840002059937	-4.5569928870131
6.4879999160767	-4.5605326933557
6.4920001029968	-4.5640055619706
6.4959998130798	-4.5674147815426
6.5000000000000	-4.5707654983720
6.5040001869202	-4.5740594302207
6.5079998970032	-4.5773000420452
6.5120000839233	-4.5804925294914
6.5159997940063	-4.5836380548612
6.5199999809265	-4.5867422390325
6.5240001678467	-4.5898040357324
6.5279998779297	-4.5928285844075
6.5320000648499	-4.5958172195653
6.5359997749329	-4.5987744245552
6.5399999618530	-4.6016990064480
6.5440001487732	-4.6045945889207
6.5479998588562	-4.6074617493201
6.5520000457764	-4.6103014574225
6.5560002326965	-4.6131158876637
6.5599999427795	-4.6159041755443
6.5640001296997	-4.6186655130456
6.5679998397827	-4.6214035913931
6.5720000267029	-4.6241161656369
6.5760002136230	-4.6268026688093
6.5799999237061	-4.6294630544078
6.5840001106262	-4.6320959020745
6.5879998207092	-4.6346998425437
6.5920000076294	-4.6372748728039
6.5960001945496	-4.6398188701243
6.5999999046326	-4.6423289815839
6.6040000915527	-4.6448035039029
6.6079998016357	-4.6472434720105
6.6119999885559	-4.6496432868791
6.6160001754761	-4.6520011734007
6.6199998855591	-4.6543174814323
6.6240000724792	-4.6565873883648
6.6279997825623	-4.6588099967743
6.6319999694824	-4.6609815125177
6.6360001564026	-4.6631007447978
6.6399998664856	-4.6651642613375
6.6440000534058	-4.6671712248141
6.6479997634888	-4.6691190260050
6.6519999504089	-4.6710046026208
6.6560001373291	-4.6728277352839
6.6599998474121	-4.6745851321072
6.6640000343323	-4.6762764142646
6.6680002212524	-4.6778992239288
6.6719999313354	-4.6794521141257
6.6760001182556	-4.6809359857050
6.6799998283386	-4.6823479977097
6.6840000152588	-4.6836880614737
6.6880002021790	-4.6849560249523
6.6919999122620	-4.6861526418211
6.6960000991821	-4.6872764865956
6.6999998092651	-4.6883290396657
6.7039999961853	-4.6893110569754
6.7080001831055	-4.6902226619078
6.7119998931885	-4.6910649587282
6.7160000801086	-4.6918404752040
6.7199997901917	-4.6925508321235
6.7239999771118	-4.6931963629315
6.7280001640320	-4.6937803387437
6.7319998741150	-4.6943046730362
6.7360000610352	-4.6947719715576
6.7399997711182	-4.6951856395274
6.7439999580383	-4.6955475409001
6.7480001449585	-4.6958591372837
6.7519998550415	-4.6961268068794
6.7560000419617	-4.6963520860675
6.7600002288818	-4.6965365624818
6.7639999389648	-4.6966855794008
6.7680001258850	-4.6968020475898
6.7719998359680	-4.6968897073979
6.7760000228882	-4.6969498970073
6.7800002098083	-4.6969887510384
6.7839999198914	-4.6970069684982
6.7880001068115	-4.6970069172519
6.7919998168945	-4.6969949419847
6.7960000038147	-4.6969708632068
6.8000001907349	-4.6969386012568
6.8039999008179	-4.6969011238388
6.8080000877380	-4.6968586169175
6.8119997978210	-4.6968160169498
6.8159999847412	-4.6967729414015
6.8200001716614	-4.6967334583168
6.8239998817444	-4.6966963350224
6.8280000686646	-4.6966640985541
6.8319997787476	-4.6966379153976
6.8359999656677	-4.6966168709502
6.8400001525879	-4.6966022309534
6.8439998626709	-4.6965966803789
6.8480000495911	-4.6965952133300
6.8520002365112	-4.6966022312581
6.8559999465942	-4.6966137581240
6.8600001335144	-4.6966288864121
6.8639998435974	-4.6966490840565
6.8680000305176	-4.6966712971318
6.8720002174377	-4.6966922029008
6.8759999275208	-4.6967143048082
6.8800001144409	-4.6967313912219
6.8839998245239	-4.6967431262446
6.8880000114441	-4.6967481175099
6.8920001983643	-4.6967417270442
6.8959999084473	-4.6967216732495
6.9000000953674	-4.6966867290847
6.9039998054504	-4.6966333061442
6.9079999923706	-4.6965595460855
6.9120001792908	-4.6964623317633
6.9159998893738	-4.6963381008515
6.9200000762939	-4.6961830079373
6.9239997863770	-4.6959971545182
6.9279999732971	-4.6957767244427
6.9320001602173	-4.6955185751197
6.9359998703003	-4.6952203165063
6.9400000572205	-4.6948813693409
6.9439997673035	-4.6944974318157
6.9479999542236	-4.6940663845814
6.9520001411438	-4.6935893512038
6.9559998512268	-4.6930632256472
6.9600000381470	-4.6924854812876
6.9640002250671	-4.6918575411142
6.9679999351501	-4.6911762379341
6.9720001220703	-4.6904428874347
6.9759998321533	-4.6896570151817
6.9800000190735	-4.6888172117709
6.9840002059937	-4.6879257159934
6.9879999160767	-4.6869828169240
6.9920001029968	-4.6859877802037
6.9959998130798	-4.6849417570299
7.0000000000000	-4.6838493553558
7.0040001869202	-4.6827085922529
7.0079998970032	-4.6815234357732
7.0120000839233	-4.6802954535135
7.0159997940063	-4.6790273050105
7.0199999809265	-4.6777205391538
7.0240001678467	-4.6763793137586
7.0279998779297	-4.6750051597859
7.0320000648499	-4.6736024197079
7.0359997749329	-4.6721736695841
7.0399999618530	-4.6707221999655
7.0440001487732	-4.6692505217033
7.0479998588562	-4.6677623362644
7.0520000457764	-4.6662626651625
7.0560002326965	-4.6647532028002
7.0599999427795	-4.6632391043934
7.0640001296997	-4.6617204422585
7.0679998397827	-4.6602030183688
7.0720000267029	-4.6586886475860
7.0760002136230	-4.6571811840071
7.0799999237061	-4.6556830784225
7.0840001106262	-4.6541978264403
7.0879998207092	-4.6527269628915
7.0920000076294	-4.6512718653491
7.0960001945496	-4.6498349416316
7.0999999046326	-4.6484198348402
7.1040000915527	-4.6470254840468
7.1079998016357	-4.6456541636137
7.1119999885559	-4.6443084921000
7.1160001754761	-4.6429865743109
7.1199998855591	-4.6416890621844
7.1240000724792	-4.6404167566573
7.1279997825623	-4.6391694366762
7.1319999694824	-4.6379458649058
7.1360001564026	-4.6367454851060
7.1399998664856	-4.6355681543857
7.1440000534058	-4.6344106299561
7.1479997634888	-4.6332720606734
7.1519999504089	-4.6321500225354
7.1560001373291	-4.6310423893136
7.1599998474121	-4.6299478881421
7.1640000343323	-4.6288621772188
7.1680002212524	-4.6277837209647
7.1719999313354	-4.6267094607744
7.1760001182556	-4.6256348026566
7.1799998283386	-4.6245586764801
7.1840000152588	-4.6234767594952
7.1880002021790	-4.6223836368849
7.1919999122620	-4.6212788446244
7.1960000991821	-4.6201573426277
7.1999998092651	-4.6190173066387
7.2039999961853	-4.6178535859457
7.2080001831055	-4.6166640118614
7.2119998931885	-4.6154442879118
7.2160000801086	-4.6141923344073
7.2199997901917	-4.6129061052706
7.2239999771118	-4.6115808698497
7.2280001640320	-4.6102156796872
7.2319998741150	-4.6088075903245
7.2360000610352	-4.6073556910672
7.2399997711182	-4.6058556579808
7.2439999580383	-4.6043097543756
7.2480001449585	-4.6027145758976
7.2519998550415	-4.6010691695653
7.2560000419617	-4.5993742671950
7.2600002288818	-4.5976290388308
7.2639999389648	-4.5958339630450
7.2680001258850	-4.5939897661303
7.2719998359680	-4.5920954134036
7.2760000228882	-4.5901556637128
7.2800002098083	-4.5881701981793
7.2839999198914	-4.5861391910677
7.2880001068115	-4.5840666060715
7.2919998168945	-4.5819551596466
7.2960000038147	-4.5798074090101
7.3000001907349	-4.5776243781760
7.3039999008179	-4.5754127249392
7.3080000877380	-4.5731732167445
7.3119997978210	-4.5709087695623
7.3159999847412	-4.5686251338685
7.3200001716614	-4.5663268256674
7.3239998817444	-4.5640158293777
7.3280000686646	-4.5616955747157
7.3319997787476	-4.5593721893369
7.3359999656677	-4.5570489714824
7.3400001525879	-4.5547292196885
7.3439998626709	-4.5524186924813
7.3480000495911	-4.5501187042112
7.3520002365112	-4.5478349162204
7.3559999465942	-4.5455712135374
7.3600001335144	-4.5433295668192
7.3639998435974	-4.5411121053341
7.3680000305176	-4.5389250898041
7.3720002174377	-4.5367696583000
7.3759999275208	-4.5346469573747
7.3800001144409	-4.5325606546789
7.3839998245239	-4.5305118811230
7.3880000114441	-4.5285018275422
7.3920001983643	-4.5265325721423
7.3959999084473	-4.5246026628791
7.4000000953674	-4.5227160532826
7.4039998054504	-4.5208697226219
7.4079999923706	-4.5190641547475
7.4120001792908	-4.5172957122105
7.4159998893738	-4.5155684682030
7.4200000762939	-4.5138771606382
7.4239997863770	-4.5122217535589
7.4279999732971	-4.5105996844253
7.4320001602173	-4.5090059232746
7.4359998703003	-4.5074398011617
7.4400000572205	-4.5058981715108
7.4439997673035	-4.5043762102425
7.4479999542236	-4.5028726742313
7.4520001411438	-4.5013802946654
7.4559998512268	-4.4998970877663
7.4600000381470	-4.4984176587392
7.4640002250671	-4.4969384111950
7.4679999351501	-4.4954549370942
7.4720001220703	-4.4939620032739
7.4759998321533	-4.4924552755098
7.4800000190735	-4.4909304532835
7.4840002059937	-4.4893832677119
7.4879999160767	-4.4878085664475
7.4920001029968	-4.4862029668998
7.4959998130798	-4.4845621953951
7.5000000000000	-4.4828828373048
7.5040001869202	-4.4811605863912
7.5079998970032	-4.4793919755060
7.5120000839233	-4.4775735067114
7.5159997940063	-4.4757050942137
7.5199999809265	-4.4737814077675
7.5240001678467	-4.4718031238496
7.5279998779297	-4.4697673892809
7.5320000648499	-4.4676712884019
7.5359997749329	-4.4655170262152
7.5399999618530	-4.4633041372641
7.5440001487732	-4.4610312147566
7.5479998588562	-4.4587011003093
7.5520000457764	-4.4563130970087
7.5560002326965	-4.4538681612553
7.5599999427795	-4.4513714957742
7.5640001296997	-4.4488221775910
7.5679998397827	-4.4462243998944
7.5720000267029	-4.4435814242956
7.5760002136230	-4.4408973141763
7.5799999237061	-4.4381752141152
7.5840001106262	-4.4354208081411
7.5879998207092	-4.4326371493489
7.5920000076294	-4.4298289835319
7.5960001945496	-4.4270010275946
7.5999999046326	-4.4241614351388
7.6040000915527	-4.4213123125580
7.6079998016357	-4.4184600807383
7.6119999885559	-4.4156111747137
7.6160001754761	-4.4127694551719
7.6199998855591	-4.4099422719118
7.6240000724792	-4.4071318574937
7.6279997825623	-4.4043482075484
7.6319999694824	-4.4015928120179
7.6360001564026	-4.3988706553410
7.6399998664856	-4.3961876481793
7.6440000534058	-4.3935472216743
7.6479997634888	-4.3909537443574
7.6519999504089	-4.3884099839701
7.6560001373291	-4.3859213264823
7.6599998474121	-4.3834873385486
7.6640000343323	-4.3811144818637
7.6680002212524	-4.3787999356974
7.6719999313354	-4.3765495032989
7.6760001182556	-4.3743595914142
7.6799998283386	-4.3722338140602
7.6840000152588	-4.3701725600031
7.6880002021790	-4.3681723917403
7.6919999122620	-4.3662317168876
7.6960000991821	-4.3643518876106
7.6999998092651	-4.3625282667553
7.7039999961853	-4.3607578691129
7.7080001831055	-4.3590386958305
7.7119998931885	-4.3573653102044
7.7160000801086	-4.3557339534817
7.7199997901917	-4.3541401350072
7.7239999771118	-4.3525801346870
7.7280001640320	-4.3510458860664
7.7319998741150	-4.3495327483756
7.7360000610352	-4.3480351592331
7.7399997711182	-4.3465466784136
7.7439999580383	-4.3450598026950
7.7480001449585	-4.3435696029163
7.7519998550415	-4.3420693296016
7.7560000419617	-4.3405511296462
7.7600002288818	-4.3390080163399
7.7639999389648	-4.3374361649063
7.7680001258850	-4.3358257348021
7.7719998359680	-4.3341742484780
7.7760000228882	-4.3324732386446
7.7800002098083	-4.3307182455223
7.7839999198914	-4.3289038488575
7.7880001068115	-4.3270235572740
7.7919998168945	-4.3250766180587
7.7960000038147	-4.3230563660945
7.8000001907349	-4.3209590236908
7.8039999008179	-4.3187837213465
7.8080000877380	-4.3165279659587
7.8119997978210	-4.3141889016373
7.8159999847412	-4.3117664624888
7.8200001716614	-4.3092615917964
7.8239998817444	-4.3066733268547
7.8280000686646	-4.3040016307136
7.8319997787476	-4.3012504889503
7.8359999656677	-4.2984221259334
7.8400001525879	-4.2955188173521
7.8439998626709	-4.2925436668438
7.8480000495911	-4.2895025743144
7.8520002365112	-4.2863993792431
7.8559999465942	-4.2832415390418
7.8600001335144	-4.2800324449926
7.8639998435974	-4.2767796093445
7.8680000305176	-4.2734901057227
7.8720002174377	-4.2701728053565
7.8759999275208	-4.2668330897836
7.8800001144409	-4.2634791393413
7.8839998245239	-4.2601196915451
7.8880000114441	-4.2567632139378
7.8920001983643	-4.2534170817839
7.8959999084473	-4.2500904051211
7.9000000953674	-4.2467917980221
7.9039998054504	-4.2435283402629
7.9079999923706	-4.2403075865363
7.9120001792908	-4.2371388651754
7.9159998893738	-4.2340286695506
7.9200000762939	-4.2309832262643
7.9239997863770	-4.2280096943679
7.9279999732971	-4.2251143890508
7.9320001602173	-4.2223022612906
7.9359998703003	-4.2195774324227
7.9400000572205	-4.2169453417159
7.9439997673035	-4.2144084474871
7.9479999542236	-4.2119698484424
7.9520001411438	-4.2096307585753
7.9559998512268	-4.2073936782110
7.9600000381470	-4.2052560922726
7.9640002250671	-4.2032213436967
7.9679999351501	-4.2012845583506
7.9720001220703	-4.1994447982834
7.9759998321533	-4.1977005030643
7.9800000190735	-4.1960450721299
7.9840002059937	-4.1944748697611
7.9879999160767	-4.1929851392236
7.9920001029968	-4.1915676578099
7.9959998130798	-4.1902171274911
8.0000000000000	-4.1889259859498
