        Frequency / GHz                S2,1 (eps_r=4)/abs,dB
----------------------------------------------------------------------
                       2                     -0.13609915
               2.0079999                     -0.13820119
                   2.016                     -0.14051731
               2.0239999                     -0.14300405
               2.0320001                     -0.14561362
                    2.04                     -0.14829627
               2.0480001                     -0.15099847
                   2.056                     -0.15366645
               2.0639999                     -0.15624921
                   2.072                     -0.15869727
               2.0799999                     -0.16096747
               2.0880001                     -0.16302299
                   2.096                     -0.16483328
               2.1040001                     -0.16637767
                   2.112                     -0.16764548
               2.1199999                     -0.16863509
                   2.128                     -0.16935355
               2.1359999                     -0.16981945
               2.1440001                     -0.17005806
                   2.152                     -0.17010548
               2.1600001                     -0.17000252
                   2.168                     -0.16979466
               2.1760001                     -0.16953355
                   2.184                     -0.16927119
               2.1919999                     -0.16906038
                     2.2                     -0.16895222
               2.2079999                     -0.16899578
               2.2160001                     -0.16923307
                   2.224                     -0.16970183
               2.2320001                     -0.17043126
                    2.24                     -0.17144432
               2.2479999                      -0.1727516
                   2.256                     -0.17435656
               2.2639999                     -0.17625345
               2.2720001                     -0.17842507
                    2.28                     -0.18084769
               2.2880001                     -0.18348847
                   2.296                      -0.1863073
               2.3039999                      -0.1892602
                   2.312                     -0.19229702
               2.3199999                     -0.19536738
               2.3280001                     -0.19841848
                   2.336                     -0.20139953
               2.3440001                     -0.20426254
                   2.352                     -0.20696261
               2.3599999                     -0.20946262
                   2.368                     -0.21173118
               2.3759999                     -0.21374507
               2.3840001                     -0.21549097
                   2.392                     -0.21696506
               2.4000001                      -0.2181716
                   2.408                     -0.21912548
               2.4159999                     -0.21985053
                   2.424                     -0.22037862
               2.4319999                     -0.22074766
               2.4400001                     -0.22100256
                   2.448                     -0.22119145
               2.4560001                      -0.2213658
                   2.464                      -0.2215776
               2.4719999                     -0.22187862
                    2.48                     -0.22231643
               2.4879999                     -0.22293735
               2.4960001                     -0.22377799
               2.5039999                     -0.22487242
               2.5120001                     -0.22624428
                    2.52                     -0.22790981
               2.5280001                     -0.22987429
                   2.536                     -0.23213562
               2.5439999                     -0.23468121
                   2.552                     -0.23748976
               2.5599999                     -0.24053303
               2.5680001                     -0.24377357
                   2.576                     -0.24716832
               2.5840001                       -0.250672
                   2.592                     -0.25423284
               2.5999999                     -0.25779953
                   2.608                     -0.26132121
               2.6159999                     -0.26474804
               2.6240001                     -0.26803419
                   2.632                     -0.27114018
               2.6400001                      -0.2740303
                   2.648                     -0.27668095
               2.6559999                      -0.2790724
                   2.664                     -0.28119668
               2.6719999                     -0.28305616
               2.6800001                     -0.28466036
                   2.688                     -0.28602997
               2.6960001                     -0.28719363
                   2.704                     -0.28818683
               2.7119999                     -0.28905145
                    2.72                     -0.28983623
               2.7279999                     -0.29059056
               2.7360001                     -0.29136883
                   2.744                     -0.29222175
               2.7520001                     -0.29320084
                    2.76                     -0.29435403
               2.7679999                     -0.29572372
                   2.776                     -0.29734593
               2.7839999                     -0.29924963
               2.7920001                     -0.30145523
                     2.8                     -0.30397448
               2.8080001                     -0.30680822
                   2.816                     -0.30994941
               2.8239999                     -0.31338191
                   2.832                     -0.31707938
               2.8399999                     -0.32100806
                   2.848                     -0.32512844
               2.8559999                     -0.32939389
               2.8640001                     -0.33375465
                   2.872                     -0.33815837
               2.8800001                     -0.34255258
                   2.888                     -0.34688489
               2.8959999                     -0.35110642
                   2.904                     -0.35517313
               2.9119999                     -0.35904639
               2.9200001                     -0.36269478
                   2.928                     -0.36609615
               2.9360001                     -0.36923719
                   2.944                     -0.37211458
               2.9519999                     -0.37473483
                    2.96                     -0.37711461
               2.9679999                     -0.37927832
               2.9760001                     -0.38126122
                   2.984                     -0.38310527
               2.9920001                     -0.38485835
                       3                     -0.38657274
               3.0079999                      -0.3883042
                   3.016                     -0.39010911
               3.0239999                      -0.3920427
               3.0320001                     -0.39416086
                    3.04                     -0.39651031
               3.0480001                     -0.39913669
                   3.056                     -0.40207516
               3.0639999                      -0.4053544
                   3.072                     -0.40899383
               3.0799999                     -0.41300231
               3.0880001                     -0.41737803
                   3.096                     -0.42211033
               3.1040001                     -0.42717966
                   3.112                     -0.43255523
               3.1199999                     -0.43819889
                   3.128                     -0.44406602
               3.1359999                      -0.4501058
               3.1440001                      -0.4562657
                   3.152                     -0.46248846
               3.1600001                     -0.46871807
                   3.168                     -0.47490144
               3.1760001                       -0.480988
                   3.184                     -0.48693222
               3.1919999                     -0.49269788
                     3.2                     -0.49825592
               3.2079999                     -0.50358653
               3.2160001                     -0.50868191
                   3.224                      -0.5135451
               3.2320001                     -0.51818946
                    3.24                      -0.5226392
               3.2479999                     -0.52693034
                   3.256                     -0.53110678
               3.2639999                     -0.53522261
               3.2720001                     -0.53933667
                    3.28                     -0.54351345
               3.2880001                     -0.54781974
                   3.296                     -0.55232488
               3.3039999                     -0.55709644
                   3.312                     -0.56219818
               3.3199999                     -0.56768968
               3.3280001                     -0.57362353
                   3.336                     -0.58004535
               3.3440001                     -0.58698854
                   3.352                     -0.59447996
               3.3599999                      -0.6025305
                   3.368                     -0.61114408
               3.3759999                     -0.62031104
               3.3840001                     -0.63001113
                   3.392                     -0.64021338
               3.4000001                     -0.65088027
                   3.408                      -0.6619652
               3.4159999                     -0.67341426
                   3.424                     -0.68517471
               3.4319999                     -0.69718574
               3.4400001                     -0.70939393
                   3.448                     -0.72174484
               3.4560001                      -0.7341916
                   3.464                     -0.74669305
               3.4719999                     -0.75921924
                    3.48                     -0.77175112
               3.4879999                     -0.78428348
               3.4960001                     -0.79682311
               3.5039999                     -0.80939359
               3.5120001                     -0.82203116
                    3.52                     -0.83478995
               3.5280001                     -0.84773601
                   3.536                     -0.86094924
               3.5439999                     -0.87452063
                   3.552                     -0.88855063
               3.5599999                     -0.90314994
               3.5680001                     -0.91843326
                   3.576                     -0.93451818
               3.5840001                     -0.95152485
                   3.592                     -0.96956899
               3.5999999                     -0.98876661
                   3.608                      -1.0092244
               3.6159999                      -1.0310441
               3.6240001                      -1.0543142
                   3.632                      -1.0791192
               3.6400001                      -1.1055262
                   3.648                      -1.1335947
               3.6559999                       -1.163372
                   3.664                      -1.1948948
               3.6719999                       -1.228192
               3.6800001                      -1.2632832
                   3.688                       -1.300184
               3.6960001                      -1.3389078
                   3.704                      -1.3794679
               3.7119999                      -1.4218825
                    3.72                      -1.4661753
               3.7279999                      -1.5123846
               3.7360001                       -1.560563
                   3.744                      -1.6107827
               3.7520001                        -1.66314
                    3.76                      -1.7177596
               3.7679999                      -1.7747956
                   3.776                      -1.8344388
               3.7839999                      -1.8969142
               3.7920001                      -1.9624895
                     3.8                      -2.0314722
               3.8080001                      -2.1042138
                   3.816                      -2.1811087
               3.8239999                      -2.2625977
                   3.832                      -2.3491631
               3.8399999                      -2.4413353
                   3.848                      -2.5396882
               3.8559999                      -2.6448395
               3.8640001                      -2.7574525
                   3.872                      -2.8782353
               3.8800001                      -3.0079401
                   3.888                      -3.1473669
               3.8959999                      -3.2973657
                   3.904                      -3.4588357
               3.9119999                       -3.632736
               3.9200001                      -3.8200862
                   3.928                      -4.0219738
               3.9360001                      -4.2395694
                   3.944                      -4.4741333
               3.9519999                      -4.7270318
                    3.96                      -4.9997585
               3.9679999                      -5.2939576
               3.9760001                      -5.6114498
                   3.984                       -5.954275
               3.9920001                      -6.3247371
                       4                      -6.7254615
               4.0079999                      -7.1594764
               4.0159998                        -7.63031
               4.0240002                      -8.1421223
               4.0320001                       -8.699884
                    4.04                      -9.3096132
               4.0479999                      -9.9787099
               4.0560002                      -10.716423
               4.0640001                      -11.534531
                   4.072                       -12.44835
               4.0799999                      -13.478272
               4.0879998                      -14.652172
               4.0960002                      -16.009262
               4.1040001                      -17.606283
                   4.112                      -19.526547
               4.1199999                      -21.885876
               4.1279998                      -24.773632
               4.1360002                      -27.693361
               4.1440001                       -28.07034
                   4.152                       -25.42411
               4.1599998                      -22.537195
               4.1680002                      -20.168609
               4.1760001                      -18.260289
                   4.184                      -16.692273
               4.1919999                      -15.375548
               4.1999998                      -14.249362
               4.2080002                       -13.27185
               4.2160001                      -12.413359
                   4.224                      -11.652256
               4.2319999                      -10.972324
               4.2399998                      -10.361099
               4.2480001                      -9.8087967
                   4.256                      -9.3075793
               4.2639999                      -8.8510641
               4.2719998                      -8.4339688
               4.2800002                       -8.051857
               4.2880001                      -7.7009638
                   4.296                      -7.3780475
               4.3039999                      -7.0802942
               4.3119998                       -6.805237
               4.3200002                      -6.5506957
               4.3280001                      -6.3147306
                   4.336                      -6.0956037
               4.3439999                      -5.8917548
               4.3520002                      -5.7017725
               4.3600001                      -5.5243825
                   4.368                      -5.3584303
               4.3759999                      -5.2028675
               4.3839998                      -5.0567474
               4.3920002                      -4.9192115
               4.4000001                      -4.7894889
                   4.408                      -4.6668854
               4.4159999                      -4.5507821
               4.4239998                      -4.4406289
               4.4320002                       -4.335938
               4.4400001                      -4.2362814
                   4.448                      -4.1412884
               4.4559999                      -4.0506351
               4.4640002                      -3.9640447
               4.4720001                      -3.8812805
                    4.48                      -3.8021417
               4.4879999                      -3.7264568
               4.4959998                      -3.6540826
               4.5040002                      -3.5848937
               4.5120001                      -3.5187837
                    4.52                      -3.4556579
               4.5279999                       -3.395432
               4.5359998                      -3.3380246
               4.5440001                      -3.2833585
                   4.552                      -3.2313537
               4.5599999                      -3.1819306
               4.5679998                      -3.1350022
               4.5760002                        -3.09048
               4.5840001                      -3.0482648
                   4.592                      -3.0082546
               4.5999999                      -2.9703399
               4.6079998                      -2.9344054
               4.6160002                      -2.9003317
               4.6240001                      -2.8679939
                   4.632                      -2.8372664
               4.6399999                      -2.8080227
               4.6479998                      -2.7801359
               4.6560001                      -2.7534848
                   4.664                      -2.7279485
               4.6719999                      -2.7034157
               4.6799998                      -2.6797813
               4.6880002                      -2.6569498
               4.6960001                      -2.6348356
                   4.704                      -2.6133637
               4.7119999                      -2.5924715
               4.7199998                      -2.5721095
               4.7280002                      -2.5522394
               4.7360001                      -2.5328343
                   4.744                      -2.5138785
               4.7519999                      -2.4953671
               4.7600002                      -2.4773044
               4.7680001                      -2.4597016
                   4.776                      -2.4425778
               4.7839999                      -2.4259556
               4.7919998                       -2.409859
               4.8000002                       -2.394318
               4.8080001                      -2.3793574
                   4.816                      -2.3650034
               4.8239999                       -2.351277
               4.8319998                      -2.3381965
               4.8400002                      -2.3257731
                   4.848                      -2.3140144
               4.8559999                      -2.3029182
               4.8639998                      -2.2924773
               4.8720002                      -2.2826752
               4.8800001                      -2.2734909
                   4.888                      -2.2648961
               4.8959999                      -2.2568569
               4.9039998                      -2.2493329
               4.9120002                      -2.2422805
               4.9200001                      -2.2356529
                   4.928                      -2.2294022
               4.9359999                      -2.2234792
               4.9439998                      -2.2178358
               4.9520001                       -2.212425
                    4.96                      -2.2072041
               4.9679999                      -2.2021329
               4.9759998                      -2.1971779
               4.9840002                       -2.192309
               4.9920001                      -2.1875059
                       5                      -2.1827518
               5.0079999                       -2.178038
               5.0159998                      -2.1733621
               5.0240002                      -2.1687278
               5.0320001                      -2.1641463
                    5.04                      -2.1596333
               5.0479999                      -2.1552075
               5.0560002                      -2.1508938
               5.0640001                       -2.146718
                   5.072                      -2.1427077
               5.0799999                       -2.138892
               5.0879998                      -2.1352975
               5.0960002                      -2.1319509
               5.1040001                      -2.1288758
                   5.112                      -2.1260927
               5.1199999                      -2.1236161
               5.1279998                      -2.1214591
               5.1360002                      -2.1196275
               5.1440001                       -2.118122
                   5.152                      -2.1169379
               5.1599998                      -2.1160672
               5.1680002                      -2.1154939
               5.1760001                      -2.1152005
                   5.184                      -2.1151632
               5.1919999                       -2.115356
               5.1999998                      -2.1157521
               5.2080002                        -2.11632
               5.2160001                      -2.1170294
                   5.224                        -2.11785
               5.2319999                      -2.1187537
               5.2399998                       -2.119712
               5.2480001                      -2.1207018
                   5.256                      -2.1217019
               5.2639999                      -2.1226949
               5.2719998                        -2.12367
               5.2800002                      -2.1246171
               5.2880001                      -2.1255365
                   5.296                      -2.1264277
               5.3039999                      -2.1272988
               5.3119998                      -2.1281606
               5.3200002                      -2.1290278
               5.3280001                      -2.1299188
                   5.336                      -2.1308535
               5.3439999                      -2.1318543
               5.3520002                      -2.1329456
               5.3600001                      -2.1341501
                   5.368                      -2.1354933
               5.3759999                      -2.1369937
               5.3839998                      -2.1386738
               5.3920002                      -2.1405486
               5.4000001                      -2.1426341
                   5.408                      -2.1449392
               5.4159999                      -2.1474701
               5.4239998                      -2.1502295
               5.4320002                      -2.1532139
               5.4400001                      -2.1564192
                   5.448                      -2.1598332
               5.4559999                       -2.163445
               5.4640002                      -2.1672353
               5.4720001                      -2.1711872
                    5.48                      -2.1752773
               5.4879999                      -2.1794866
               5.4959998                      -2.1837902
               5.5040002                      -2.1881663
               5.5120001                       -2.192593
                    5.52                      -2.1970506
               5.5279999                      -2.2015223
               5.5359998                      -2.2059928
               5.5440001                      -2.2104504
                   5.552                       -2.214887
               5.5599999                      -2.2192979
               5.5679998                       -2.223683
               5.5760002                      -2.2280459
               5.5840001                       -2.232394
                   5.592                      -2.2367365
               5.5999999                      -2.2410876
               5.6079998                      -2.2454634
               5.6160002                      -2.2498818
               5.6240001                      -2.2543634
                   5.632                      -2.2589269
               5.6399999                      -2.2635928
               5.6479998                      -2.2683828
               5.6560001                      -2.2733136
                   5.664                      -2.2784026
               5.6719999                      -2.2836651
               5.6799998                      -2.2891118
               5.6880002                      -2.2947536
               5.6960001                      -2.3005941
                   5.704                      -2.3066363
               5.7119999                      -2.3128787
               5.7199998                      -2.3193159
               5.7280002                      -2.3259411
               5.7360001                      -2.3327424
                   5.744                      -2.3397076
               5.7519999                      -2.3468198
               5.7600002                      -2.3540633
               5.7680001                      -2.3614187
                   5.776                      -2.3688693
               5.7839999                      -2.3763961
               5.7919998                      -2.3839813
               5.8000002                      -2.3916105
               5.8080001                      -2.3992693
                   5.816                      -2.4069451
               5.8239999                      -2.4146314
               5.8319998                      -2.4223214
               5.8400002                      -2.4300114
                   5.848                      -2.4377041
               5.8559999                      -2.4454026
               5.8639998                      -2.4531153
               5.8720002                       -2.460851
               5.8800001                      -2.4686237
                   5.888                      -2.4764476
               5.8959999                      -2.4843396
               5.9039998                      -2.4923171
               5.9120002                      -2.5003996
               5.9200001                       -2.508605
                   5.928                      -2.5169521
               5.9359999                      -2.5254567
               5.9439998                      -2.5341351
               5.9520001                          -2.543
                    5.96                      -2.5520636
               5.9679999                      -2.5613325
               5.9759998                      -2.5708138
               5.9840002                      -2.5805089
               5.9920001                      -2.5904178
                       6                      -2.6005357
               6.0079999                      -2.6108563
               6.0159998                      -2.6213712
               6.0240002                      -2.6320686
               6.0320001                      -2.6429343
                    6.04                      -2.6539556
               6.0479999                      -2.6651168
               6.0560002                      -2.6764026
               6.0640001                      -2.6877961
                   6.072                       -2.699284
               6.0799999                       -2.710854
               6.0879998                      -2.7224929
               6.0960002                       -2.734192
               6.1040001                      -2.7459452
                   6.112                      -2.7577487
               6.1199999                      -2.7696007
               6.1279998                      -2.7815034
               6.1360002                      -2.7934618
               6.1440001                      -2.8054837
                   6.152                      -2.8175809
               6.1599998                      -2.8297636
               6.1680002                      -2.8420498
               6.1760001                      -2.8544545
                   6.184                      -2.8669948
               6.1919999                      -2.8796899
               6.1999998                      -2.8925569
               6.2080002                      -2.9056152
               6.2160001                      -2.9188802
                   6.224                      -2.9323677
               6.2319999                      -2.9460915
               6.2399998                      -2.9600628
               6.2480001                      -2.9742898
                   6.256                       -2.988779
               6.2639999                      -3.0035348
               6.2719998                      -3.0185559
               6.2800002                      -3.0338403
               6.2880001                      -3.0493842
                   6.296                      -3.0651796
               6.3039999                      -3.0812167
               6.3119998                      -3.0974849
               6.3200002                      -3.1139718
               6.3280001                      -3.1306638
                   6.336                      -3.1475477
               6.3439999                      -3.1646115
               6.3520002                      -3.1818416
               6.3600001                       -3.199227
                   6.368                      -3.2167596
               6.3759999                      -3.2344316
               6.3839998                      -3.2522373
               6.3920002                      -3.2701752
               6.4000001                      -3.2882465
                   6.408                       -3.306455
               6.4159999                      -3.3248055
               6.4239998                      -3.3433092
               6.4320002                      -3.3619768
               6.4400001                      -3.3808241
                   6.448                      -3.3998677
               6.4559999                       -3.419124
               6.4640002                       -3.438613
               6.4720001                      -3.4583552
                    6.48                      -3.4783683
               6.4879999                      -3.4986751
               6.4959998                      -3.5192913
               6.5040002                      -3.5402365
               6.5120001                      -3.5615258
                    6.52                      -3.5831727
               6.5279999                      -3.6051882
               6.5359998                      -3.6275815
               6.5440001                      -3.6503591
                   6.552                      -3.6735215
               6.5599999                      -3.6970723
               6.5679998                      -3.7210081
               6.5760002                      -3.7453248
               6.5840001                      -3.7700154
                   6.592                      -3.7950724
               6.5999999                      -3.8204859
               6.6079998                      -3.8462465
               6.6160002                      -3.8723433
               6.6240001                      -3.8987664
                   6.632                      -3.9255047
               6.6399999                      -3.9525526
               6.6479998                      -3.9799024
               6.6560001                       -4.007552
                   6.664                      -4.0354973
               6.6719999                      -4.0637395
               6.6799998                      -4.0922841
               6.6880002                      -4.1211377
               6.6960001                      -4.1503109
                   6.704                      -4.1798162
               6.7119999                       -4.209671
               6.7199998                      -4.2398947
               6.7280002                      -4.2705058
               6.7360001                        -4.30153
                   6.744                      -4.3329905
               6.7519999                      -4.3649137
               6.7600002                      -4.3973245
               6.7680001                      -4.4302489
                   6.776                      -4.4637124
               6.7839999                      -4.4977399
               6.7919998                      -4.5323531
               6.8000002                      -4.5675725
               6.8080001                      -4.6034169
                   6.816                      -4.6399023
               6.8239999                      -4.6770417
               6.8319998                      -4.7148453
               6.8400002                      -4.7533218
                   6.848                      -4.7924755
               6.8559999                      -4.8323108
               6.8639998                      -4.8728251
               6.8720002                       -4.914021
               6.8800001                      -4.9558941
                   6.888                      -4.9984428
               6.8959999                      -5.0416621
               6.9039998                      -5.0855507
               6.9120002                      -5.1301048
               6.9200001                      -5.1753255
                   6.928                      -5.2212144
               6.9359999                      -5.2677741
               6.9439998                      -5.3150125
               6.9520001                      -5.3629391
                    6.96                      -5.4115691
               6.9679999                      -5.4609179
               6.9759998                      -5.5110094
               6.9840002                      -5.5618662
               6.9920001                      -5.6135197
                       7                      -5.6660022
               7.0079999                      -5.7193485
               7.0159998                       -5.773598
               7.0240002                      -5.8287929
               7.0320001                      -5.8849755
                    7.04                      -5.9421887
               7.0479999                       -6.000482
               7.0560002                      -6.0598966
               7.0640001                      -6.1204807
                   7.072                      -6.1822772
               7.0799999                      -6.2453308
               7.0879998                      -6.3096828
               7.0960002                      -6.3753719
               7.1040001                      -6.4424371
                   7.112                      -6.5109128
               7.1199999                      -6.5808313
               7.1279998                      -6.6522247
               7.1360002                      -6.7251185
               7.1440001                      -6.7995428
                   7.152                      -6.8755206
               7.1599998                      -6.9530777
               7.1680002                      -7.0322391
               7.1760001                      -7.1130282
                   7.184                      -7.1954722
               7.1919999                      -7.2795988
               7.1999998                      -7.3654387
               7.2080002                      -7.4530266
               7.2160001                      -7.5424011
                   7.224                      -7.6336058
               7.2319999                      -7.7266908
               7.2399998                      -7.8217105
               7.2480001                      -7.9187293
                   7.256                      -8.0178157
               7.2639999                      -8.1190488
               7.2719998                      -8.2225127
               7.2800002                      -8.3283007
               7.2880001                       -8.436515
                   7.296                      -8.5472636
               7.3039999                      -8.6606625
               7.3119998                      -8.7768372
               7.3200002                      -8.8959184
               7.3280001                      -9.0180412
                   7.336                      -9.1433511
               7.3439999                      -9.2719984
               7.3520002                      -9.4041364
               7.3600001                      -9.5399269
                   7.368                      -9.6795367
               7.3759999                      -9.8231344
               7.3839998                      -9.9708979
               7.3920002                      -10.123008
               7.4000001                      -10.279651
                   7.408                      -10.441024
               7.4159999                      -10.607328
               7.4239998                      -10.778773
               7.4320002                      -10.955581
               7.4400001                      -11.137984
                   7.448                      -11.326229
               7.4559999                      -11.520581
               7.4640002                      -11.721322
               7.4720001                      -11.928758
                    7.48                       -12.14322
               7.4879999                      -12.365069
               7.4959998                      -12.594703
               7.5040002                      -12.832557
               7.5120001                       -13.07911
                    7.52                      -13.334896
               7.5279999                      -13.600505
               7.5359998                      -13.876592
               7.5440001                       -14.16389
                   7.552                      -14.463214
               7.5599999                      -14.775474
               7.5679998                      -15.101693
               7.5760002                      -15.443014
               7.5840001                      -15.800726
                   7.592                      -16.176273
               7.5999999                      -16.571287
               7.6079998                      -16.987611
               7.6160002                      -17.427327
               7.6240001                      -17.892794
                   7.632                      -18.386682
               7.6399999                      -18.912012
               7.6479998                      -19.472189
               7.6560001                      -20.071016
                   7.664                       -20.71268
               7.6719999                       -21.40164
               7.6799998                      -22.142357
               7.6880002                      -22.938676
               7.6960001                      -23.792535
                   7.704                      -24.701384
               7.7119999                      -25.653246
               7.7199998                      -26.617957
               7.7280002                      -27.533995
               7.7360001                      -28.296109
                   7.744                      -28.763493
               7.7519999                      -28.815022
               7.7600002                      -28.429449
               7.7680001                      -27.702166
                   7.776                      -26.776102
               7.7839999                      -25.771258
               7.7919998                       -24.76287
               7.8000002                      -23.789982
               7.8080001                      -22.869465
                   7.816                       -22.00633
               7.8239999                      -21.199777
               7.8319998                      -20.446419
               7.8400002                      -19.741923
                   7.848                      -19.081806
               7.8559999                      -18.461791
               7.8639998                      -17.877968
               7.8720002                       -17.32682
               7.8800001                       -16.80523
                   7.888                      -16.310446
               7.8959999                      -15.840038
               7.9039998                      -15.391868
               7.9120002                       -14.96405
               7.9200001                      -14.554919
                   7.928                      -14.163002
               7.9359999                      -13.786995
               7.9439998                      -13.425738
               7.9520001                      -13.078203
                    7.96                      -12.743469
               7.9679999                      -12.420719
               7.9759998                      -12.109218
               7.9840002                      -11.808306
               7.9920001                      -11.517393
                       8                      -11.235944
               8.0080004                      -10.963475
               8.0159998                      -10.699549
               8.0240002                      -10.443764
               8.0319996                      -10.195756
                    8.04                      -9.9551857
               8.0480003                      -9.7217445
               8.0559998                      -9.4951403
               8.0640001                      -9.2751057
               8.0719995                      -9.0613853
               8.0799999                      -8.8537396
               8.0880003                      -8.6519395
               8.0959997                        -8.45577
               8.1040001                      -8.2650215
               8.1120005                      -8.0794965
               8.1199999                      -7.8990005
               8.1280003                      -7.7233487
               8.1359997                      -7.5523605
               8.1440001                      -7.3858634
               8.1520004                      -7.2236885
               8.1599998                      -7.0656744
               8.1680002                      -6.9116645
               8.1759996                       -6.761509
                   8.184                      -6.6150635
               8.1920004                      -6.4721896
               8.1999998                      -6.3327578
               8.2080002                      -6.1966435
               8.2159996                      -6.0637295
                   8.224                      -5.9339071
               8.2320004                      -5.8070726
               8.2399998                      -5.6831317
               8.2480001                      -5.5619971
               8.2559996                       -5.443587
               8.2639999                      -5.3278287
               8.2720003                      -5.2146541
               8.2799997                      -5.1040033
               8.2880001                       -4.995821
               8.2959995                      -4.8900548
               8.3039999                      -4.7866613
               8.3120003                      -4.6855978
               8.3199997                      -4.5868266
               8.3280001                      -4.4903083
               8.3360004                      -4.3960128
               8.3439999                       -4.303904
               8.3520002                      -4.2139488
               8.3599997                      -4.1261151
                   8.368                      -4.0403691
               8.3760004                      -3.9566757
               8.3839998                      -3.8749986
               8.3920002                      -3.7952981
               8.3999996                      -3.7175344
                   8.408                      -3.6416652
               8.4160004                      -3.5676441
               8.4239998                      -3.4954258
               8.4320002                       -3.424959
               8.4399996                      -3.3561944
                   8.448                      -3.2890787
               8.4560003                      -3.2235587
               8.4639997                        -3.15958
               8.4720001                      -3.0970897
               8.4799995                      -3.0360335
               8.4879999                        -2.97636
               8.4960003                      -2.9180177
               8.5039997                      -2.8609578
               8.5120001                      -2.8051349
               8.5200005                       -2.750505
               8.5279999                      -2.6970295
               8.5360003                      -2.6446716
               8.5439997                      -2.5933996
                   8.552                      -2.5431848
               8.5600004                      -2.4940035
               8.5679998                      -2.4458352
               8.5760002                       -2.398664
               8.5839996                      -2.3524749
                   8.592                      -2.3072598
               8.6000004                      -2.2630107
               8.6079998                      -2.2197222
               8.6160002                       -2.177391
               8.6239996                      -2.1360128
                   8.632                      -2.0955881
               8.6400003                      -2.0561135
               8.6479998                      -2.0175853
               8.6560001                      -1.9799991
               8.6639996                      -1.9433497
               8.6719999                      -1.9076279
               8.6800003                      -1.8728245
               8.6879997                      -1.8389253
               8.6960001                      -1.8059128
               8.7040005                       -1.773768
               8.7119999                      -1.7424698
               8.7200003                       -1.711991
               8.7279997                      -1.6823042
               8.7360001                      -1.6533794
               8.7440004                      -1.6251848
               8.7519999                      -1.5976874
               8.7600002                      -1.5708515
               8.7679996                      -1.5446436
                   8.776                      -1.5190274
               8.7840004                      -1.4939717
               8.7919998                      -1.4694443
               8.8000002                       -1.445414
               8.8079996                      -1.4218544
                   8.816                      -1.3987405
               8.8240004                      -1.3760531
               8.8319998                      -1.3537738
               8.8400002                      -1.3318888
               8.8479996                      -1.3103908
               8.8559999                      -1.2892717
               8.8640003                      -1.2685313
               8.8719997                      -1.2481714
               8.8800001                       -1.228195
               8.8879995                      -1.2086116
               8.8959999                      -1.1894302
               8.9040003                      -1.1706602
               8.9119997                       -1.152315
               8.9200001                      -1.1344053
               8.9280005                      -1.1169443
               8.9359999                      -1.0999406
               8.9440002                      -1.0834041
               8.9519997                      -1.0673403
                    8.96                      -1.0517529
               8.9680004                      -1.0366429
               8.9759998                      -1.0220065
               8.9840002                      -1.0078368
               8.9919996                     -0.99412296
                       9                     -0.98085212
               9.0080004                     -0.96800576
               9.0159998                     -0.95556243
               9.0240002                     -0.94349842
               9.0319996                     -0.93178819
                    9.04                     -0.92040257
               9.0480003                      -0.9093146
               9.0559998                     -0.89849261
               9.0640001                     -0.88790754
               9.0719995                     -0.87753243
               9.0799999                     -0.86733973
               9.0880003                     -0.85730597
               9.0959997                     -0.84740892
               9.1040001                     -0.83763089
               9.1120005                     -0.82795918
               9.1199999                     -0.81838368
               9.1280003                      -0.8088997
               9.1359997                     -0.79950668
               9.1440001                     -0.79020763
               9.1520004                     -0.78101016
               9.1599998                     -0.77192721
               9.1680002                     -0.76297204
               9.1759996                     -0.75416444
                   9.184                     -0.74552243
               9.1920004                     -0.73706669
               9.1999998                     -0.72882061
               9.2080002                     -0.72080315
               9.2159996                     -0.71303658
                   9.224                     -0.70553753
               9.2320004                     -0.69832187
               9.2399998                     -0.69140279
               9.2480001                     -0.68478765
               9.2559996                      -0.6784809
               9.2639999                     -0.67248417
               9.2720003                     -0.66679106
               9.2799997                     -0.66139155
               9.2880001                     -0.65627286
               9.2959995                     -0.65141585
               9.3039999                     -0.64679843
               9.3120003                     -0.64239534
               9.3199997                      -0.6381781
               9.3280001                     -0.63411649
               9.3360004                     -0.63018064
               9.3439999                     -0.62633774
               9.3520002                     -0.62255852
               9.3599997                     -0.61881353
                   9.368                     -0.61507651
               9.3760004                      -0.6113254
               9.3839998                     -0.60754094
               9.3920002                     -0.60370731
               9.3999996                     -0.59981678
                   9.408                     -0.59586595
               9.4160004                     -0.59185446
               9.4239998                      -0.5877902
               9.4320002                      -0.5836858
               9.4399996                       -0.579557
                   9.448                     -0.57542583
               9.4560003                     -0.57131646
               9.4639997                      -0.5672565
               9.4720001                     -0.56327504
               9.4799995                     -0.55940227
               9.4879999                     -0.55566733
               9.4960003                     -0.55210002
               9.5039997                     -0.54872666
               9.5120001                     -0.54557007
               9.5200005                      -0.5426511
               9.5279999                     -0.53998217
               9.5360003                     -0.53757523
               9.5439997                      -0.5354324
                   9.552                     -0.53355205
               9.5600004                     -0.53192706
               9.5679998                      -0.5305411
               9.5760002                     -0.52937762
               9.5839996                     -0.52840896
                   9.592                     -0.52760766
               9.6000004                     -0.52694156
               9.6079998                     -0.52637389
               9.6160002                     -0.52586876
               9.6239996                     -0.52538817
                   9.632                     -0.52489532
               9.6400003                     -0.52435575
               9.6479998                     -0.52373764
               9.6560001                     -0.52301251
               9.6639996                     -0.52215797
               9.6719999                     -0.52115669
               9.6800003                     -0.51999795
               9.6879997                     -0.51867711
               9.6960001                     -0.51719747
               9.7040005                     -0.51556923
               9.7119999                     -0.51380791
               9.7200003                     -0.51193685
               9.7279997                     -0.50998438
               9.7360001                     -0.50798264
               9.7440004                     -0.50596992
               9.7519999                     -0.50398264
               9.7600002                     -0.50206345
               9.7679996                     -0.50025162
                   9.776                     -0.49858488
               9.7840004                     -0.49710043
               9.7919998                     -0.49582981
               9.8000002                      -0.4947998
               9.8079996                     -0.49403236
                   9.816                     -0.49354076
               9.8240004                     -0.49333244
               9.8319998                     -0.49340629
               9.8400002                     -0.49375281
               9.8479996                     -0.49435592
               9.8559999                     -0.49519252
               9.8640003                     -0.49623121
               9.8719997                     -0.49743638
               9.8800001                     -0.49876591
               9.8879995                     -0.50017532
               9.8959999                     -0.50161681
               9.9040003                     -0.50304396
               9.9119997                     -0.50440851
               9.9200001                     -0.50566537
               9.9280005                     -0.50677457
               9.9359999                     -0.50769955
               9.9440002                     -0.50841042
               9.9519997                      -0.5088865
                    9.96                     -0.50911282
               9.9680004                     -0.50908605
               9.9759998                     -0.50880816
               9.9840002                     -0.50829535
               9.9919996                     -0.50756855
                      10                     -0.50665889

