#Parameters = {dr=0.5; gap=1; h_cu=0.035; r1=5.08; wr=0.3; x=0.76; y=6; z=6}
#"Frequency / GHz"	"S2,1 [Magnitude]"
#------------------------------------
2.0000000000000	-0.34435775049275
2.0039999485016	-0.34566662991905
2.0079998970032	-0.34697457877006
2.0120000839233	-0.34828160088337
2.0160000324249	-0.34958821332589
2.0199999809265	-0.35089375583109
2.0239999294281	-0.35220089005261
2.0280001163483	-0.35350786737933
2.0320000648499	-0.35481629911728
2.0360000133514	-0.35612664297816
2.0399999618530	-0.35744044111625
2.0439999103546	-0.35875653750892
2.0480000972748	-0.36007487825882
2.0520000457764	-0.36139754603278
2.0559999942780	-0.36272446668968
2.0599999427795	-0.36405664672388
2.0639998912811	-0.36539360959716
2.0680000782013	-0.36673558114104
2.0720000267029	-0.36808386829124
2.0759999752045	-0.36943870252787
2.0799999237061	-0.37079967812101
2.0840001106262	-0.37216893004150
2.0880000591278	-0.37354481409344
2.0920000076294	-0.37492877245471
2.0959999561310	-0.37632128490348
2.0999999046326	-0.37772212240416
2.1040000915527	-0.37913164976006
2.1080000400543	-0.38055126326218
2.1119999885559	-0.38197788984601
2.1159999370575	-0.38341530271169
2.1199998855591	-0.38486266189940
2.1240000724792	-0.38631946499282
2.1280000209808	-0.38778730967252
2.1319999694824	-0.38926405589292
2.1359999179840	-0.39075161305019
2.1400001049042	-0.39224888682528
2.1440000534058	-0.39375761701860
2.1480000019073	-0.39527665559101
2.1519999504089	-0.39680582555978
2.1559998989105	-0.39834499913609
2.1600000858307	-0.39989472922907
2.1640000343323	-0.40145454789593
2.1679999828339	-0.40302547687137
2.1719999313354	-0.40460640002256
2.1760001182556	-0.40619720288440
2.1800000667572	-0.40779785206169
2.1840000152588	-0.40940851206203
2.1879999637604	-0.41102754632920
2.1919999122620	-0.41265666459980
2.1960000991821	-0.41429487304612
2.2000000476837	-0.41594227369720
2.2039999961853	-0.41759790955745
2.2079999446869	-0.41926233595693
2.2119998931885	-0.42093461090181
2.2160000801086	-0.42261370147212
2.2200000286102	-0.42430244662091
2.2239999771118	-0.42599718665395
2.2279999256134	-0.42769905329395
2.2320001125336	-0.42940710283312
2.2360000610352	-0.43112148932487
2.2400000095367	-0.43284270135799
2.2439999580383	-0.43456885449707
2.2479999065399	-0.43630060104234
2.2520000934601	-0.43803678547883
2.2560000419617	-0.43977729558913
2.2599999904633	-0.44152349418226
2.2639999389648	-0.44327180818432
2.2679998874664	-0.44502471575863
2.2720000743866	-0.44678065239598
2.2760000228882	-0.44853974134283
2.2799999713898	-0.45030128831562
2.2839999198914	-0.45206523208374
2.2880001068115	-0.45383162300230
2.2920000553131	-0.45559954871547
2.2960000038147	-0.45736847439030
2.2999999523163	-0.45913887442840
2.3039999008179	-0.46091026813148
2.3080000877380	-0.46268298497302
2.3120000362396	-0.46445558210920
2.3159999847412	-0.46622860862144
2.3199999332428	-0.46800145440763
2.3239998817444	-0.46977462427935
2.3280000686646	-0.47154746391069
2.3320000171661	-0.47332028682395
2.3359999656677	-0.47509170275656
2.3399999141693	-0.47686402530844
2.3440001010895	-0.47863447336704
2.3480000495911	-0.48040343645957
2.3519999980927	-0.48217389548464
2.3559999465942	-0.48394127699157
2.3599998950958	-0.48570943450582
2.3640000820160	-0.48747513003957
2.3680000305176	-0.48924059965907
2.3719999790192	-0.49100546762005
2.3759999275208	-0.49276919805635
2.3800001144409	-0.49453241943946
2.3840000629425	-0.49629459532032
2.3880000114441	-0.49805590010711
2.3919999599457	-0.49981798606602
2.3959999084473	-0.50157873535182
2.4000000953674	-0.50334031181730
2.4040000438690	-0.50510020062400
2.4079999923706	-0.50686163233461
2.4119999408722	-0.50862199661608
2.4159998893738	-0.51038394006146
2.4200000762939	-0.51214720847322
2.4240000247955	-0.51390999824955
2.4279999732971	-0.51567526214558
2.4319999217987	-0.51744068291198
2.4360001087189	-0.51920866581894
2.4400000572205	-0.52097889888653
2.4440000057220	-0.52275054408574
2.4479999542236	-0.52452475271965
2.4519999027252	-0.52630180897653
2.4560000896454	-0.52808124756556
2.4600000381470	-0.52986406907666
2.4639999866486	-0.53165101611575
2.4679999351501	-0.53344100544591
2.4719998836517	-0.53523573451233
2.4760000705719	-0.53703417776338
2.4800000190735	-0.53883767068446
2.4839999675751	-0.54064713390294
2.4879999160767	-0.54246100839808
2.4920001029968	-0.54427972231545
2.4960000514984	-0.54610384866600
2.5000000000000	-0.54793482935669
2.5039999485016	-0.54977201095696
2.5079998970032	-0.55161556938693
2.5120000839233	-0.55346634495826
2.5160000324249	-0.55532321774886
2.5199999809265	-0.55718793173369
2.5239999294281	-0.55905929364854
2.5280001163483	-0.56093870739582
2.5320000648499	-0.56282491441811
2.5360000133514	-0.56472045850716
2.5399999618530	-0.56662325835788
2.5439999103546	-0.56853443121474
2.5480000972748	-0.57045376798420
2.5520000457764	-0.57238223861754
2.5559999942780	-0.57431853642519
2.5599999427795	-0.57626425250221
2.5639998912811	-0.57821885571593
2.5680000782013	-0.58018128663021
2.5720000267029	-0.58215316453287
2.5759999752045	-0.58413386233043
2.5799999237061	-0.58612361338678
2.5840001106262	-0.58812274334168
2.5880000591278	-0.59013076843253
2.5920000076294	-0.59214695531187
2.5959999561310	-0.59417310257832
2.5999999046326	-0.59620717011867
2.6040000915527	-0.59825032313412
2.6080000400543	-0.60030332717557
2.6119999885559	-0.60236525800081
2.6159999370575	-0.60443407208629
2.6199998855591	-0.60651156533381
2.6240000724792	-0.60859907923090
2.6280000209808	-0.61069341059227
2.6319999694824	-0.61279757056571
2.6359999179840	-0.61490821328613
2.6400001049042	-0.61702801198175
2.6440000534058	-0.61915483550849
2.6480000019073	-0.62128935981763
2.6519999504089	-0.62343223589346
2.6559998989105	-0.62558032555983
2.6600000858307	-0.62773630318087
2.6640000343323	-0.62990111113909
2.6679999828339	-0.63207085460006
2.6719999313354	-0.63424628621257
2.6760001182556	-0.63642954200412
2.6800000667572	-0.63861982996853
2.6840000152588	-0.64081396066835
2.6879999637604	-0.64301441111574
2.6919999122620	-0.64522064552948
2.6960000991821	-0.64743317536752
2.7000000476837	-0.64964941709669
2.7039999961853	-0.65187119021288
2.7079999446869	-0.65409852711135
2.7119998931885	-0.65632921677228
2.7160000801086	-0.65856530767766
2.7200000286102	-0.66080642748012
2.7239999771118	-0.66304928783755
2.7279999256134	-0.66529847212985
2.7320001125336	-0.66754979609486
2.7360000610352	-0.66980636620122
2.7400000095367	-0.67206557224084
2.7439999580383	-0.67432991752496
2.7479999065399	-0.67659562901706
2.7520000934601	-0.67886439438375
2.7560000419617	-0.68113691943967
2.7599999904633	-0.68341251195852
2.7639999389648	-0.68569155876982
2.7679998874664	-0.68797216932104
2.7720000743866	-0.69025671672684
2.7760000228882	-0.69254508897330
2.7799999713898	-0.69483494114463
2.7839999198914	-0.69712689071751
2.7880001068115	-0.69942294633782
2.7920000553131	-0.70172202416562
2.7960000038147	-0.70402236872500
2.7999999523163	-0.70632755274633
2.8039999008179	-0.70863496218619
2.8080000877380	-0.71094511866532
2.8120000362396	-0.71325807166499
2.8159999847412	-0.71557356474002
2.8199999332428	-0.71789324348566
2.8239998817444	-0.72021617990316
2.8280000686646	-0.72254206890073
2.8320000171661	-0.72487041612960
2.8359999656677	-0.72720363073502
2.8399999141693	-0.72954081325631
2.8440001010895	-0.73188113365872
2.8480000495911	-0.73422724128849
2.8519999980927	-0.73657674974636
2.8559999465942	-0.73892993497192
2.8599998950958	-0.74128867157279
2.8640000820160	-0.74365157430432
2.8680000305176	-0.74601876911381
2.8719999790192	-0.74839254762353
2.8759999275208	-0.75077153688596
2.8800001144409	-0.75315430410414
2.8840000629425	-0.75554584888825
2.8880000114441	-0.75794064969717
2.8919999599457	-0.76034438491286
2.8959999084473	-0.76275195810356
2.9000000953674	-0.76516746756191
2.9040000438690	-0.76759034969974
2.9079999923706	-0.77001971024050
2.9119999408722	-0.77245756162864
2.9159998893738	-0.77490112142086
2.9200000762939	-0.77735352533917
2.9240000247955	-0.77981295044196
2.9279999732971	-0.78228273091717
2.9319999217987	-0.78475872096793
2.9360001087189	-0.78724288099777
2.9400000572205	-0.78973902943478
2.9440000057220	-0.79224103149390
2.9479999542236	-0.79475461510666
2.9519999027252	-0.79727500526301
2.9560000896454	-0.79980579896260
2.9600000381470	-0.80234830686582
2.9639999866486	-0.80489818698562
2.9679999351501	-0.80745909509071
2.9719998836517	-0.81003046603103
2.9760000705719	-0.81261237114346
2.9800000190735	-0.81520437304875
2.9839999675751	-0.81780672533490
2.9879999160767	-0.82041976189419
2.9920001029968	-0.82304234282619
2.9960000514984	-0.82567715699709
3.0000000000000	-0.82832366448263
3.0039999485016	-0.83098036246096
3.0079998970032	-0.83364718979439
3.0120000839233	-0.83632522326809
3.0160000324249	-0.83901611078261
3.0199999809265	-0.84171778593343
3.0239999294281	-0.84442982723817
3.0280001163483	-0.84715301372877
3.0320000648499	-0.84988770584123
3.0360000133514	-0.85263312330722
3.0399999618530	-0.85539078899730
3.0439999103546	-0.85815836082141
3.0480000972748	-0.86093739927600
3.0520000457764	-0.86372790172626
3.0559999942780	-0.86652943414476
3.0599999427795	-0.86934160332210
3.0639998912811	-0.87216402799700
3.0680000782013	-0.87499834650133
3.0720000267029	-0.87784399793005
3.0759999752045	-0.88069921958244
3.0799999237061	-0.88356414207581
3.0840001106262	-0.88644198962117
3.0880000591278	-0.88932915921301
3.0920000076294	-0.89222498609745
3.0959999561310	-0.89513246547672
3.0999999046326	-0.89805101936476
3.1040000915527	-0.90097906076240
3.1080000400543	-0.90391602118490
3.1119999885559	-0.90686271938090
3.1159999370575	-0.90981972675831
3.1199998855591	-0.91278623708311
3.1240000724792	-0.91576300132199
3.1280000209808	-0.91874681686080
3.1319999694824	-0.92174241840047
3.1359999179840	-0.92474507587427
3.1400001049042	-0.92775807878033
3.1440000534058	-0.93077949543090
3.1480000019073	-0.93380983892433
3.1519999504089	-0.93684981927333
3.1559998989105	-0.93989571795887
3.1600000858307	-0.94295400562215
3.1640000343323	-0.94601852414566
3.1679999828339	-0.94909013905295
3.1719999313354	-0.95217225686344
3.1760001182556	-0.95526287550384
3.1800000667572	-0.95836185924798
3.1840000152588	-0.96146673682279
3.1879999637604	-0.96458139454124
3.1919999122620	-0.96770429869166
3.1960000991821	-0.97083633761442
3.2000000476837	-0.97397597279607
3.2039999961853	-0.97712288002902
3.2079999446869	-0.98027823987455
3.2119998931885	-0.98344334564108
3.2160000801086	-0.98661442302957
3.2200000286102	-0.98979659810636
3.2239999771118	-0.99298476464428
3.2279999256134	-0.99618303670315
3.2320001125336	-0.99938935099113
3.2360000610352	-1.0026046884863
3.2400000095367	-1.0058280957065
3.2439999580383	-1.0090607050933
3.2479999065399	-1.0123009417557
3.2520000934601	-1.0155521176707
3.2560000419617	-1.0188117508079
3.2599999904633	-1.0220828266517
3.2639999389648	-1.0253600922705
3.2679998874664	-1.0286501055081
3.2720000743866	-1.0319477338887
3.2760000228882	-1.0352584513098
3.2799999713898	-1.0385764508586
3.2839999198914	-1.0419063710332
3.2880001068115	-1.0452475315884
3.2920000553131	-1.0485980893941
3.2960000038147	-1.0519621528165
3.2999999523163	-1.0553361208555
3.3039999008179	-1.0587224411201
3.3080000877380	-1.0621200696700
3.3120000362396	-1.0655289749525
3.3159999847412	-1.0689530318813
3.3199999332428	-1.0723874985322
3.3239998817444	-1.0758360666502
3.3280000686646	-1.0792971516523
3.3320000171661	-1.0827723035143
3.3359999656677	-1.0862611137926
3.3399999141693	-1.0897623918959
3.3440001010895	-1.0932797320411
3.3480000495911	-1.0968106384379
3.3519999980927	-1.1003561824992
3.3559999465942	-1.1039170215376
3.3599998950958	-1.1074945783618
3.3640000820160	-1.1110862587292
3.3680000305176	-1.1146926127296
3.3719999790192	-1.1183182507479
3.3759999275208	-1.1219572103551
3.3800001144409	-1.1256148351536
3.3840000629425	-1.1292877540762
3.3880000114441	-1.1329782318013
3.3919999599457	-1.1366872919838
3.3959999084473	-1.1404114403717
3.4000000953674	-1.1441551784159
3.4040000438690	-1.1479160320521
3.4079999923706	-1.1516952050824
3.4119999408722	-1.1554936940996
3.4159998893738	-1.1593097734666
3.4200000762939	-1.1631446880688
3.4240000247955	-1.1669984907328
3.4279999732971	-1.1708700787665
3.4319999217987	-1.1747626933278
3.4360001087189	-1.1786742659282
3.4400000572205	-1.1826050888042
3.4440000057220	-1.1865553852678
3.4479999542236	-1.1905256927286
3.4519999027252	-1.1945155573373
3.4560000896454	-1.1985256854705
3.4600000381470	-1.2025557242663
3.4639999866486	-1.2066072523139
3.4679999351501	-1.2106775850126
3.4719998836517	-1.2147694925326
3.4760000705719	-1.2188810394322
3.4800000190735	-1.2230132004294
3.4839999675751	-1.2271653329999
3.4879999160767	-1.2313391920666
3.4920001029968	-1.2355328668666
3.4960000514984	-1.2397484620716
3.5000000000000	-1.2439836722077
3.5039999485016	-1.2482391043125
3.5079998970032	-1.2525163288354
3.5120000839233	-1.2568144820803
3.5160000324249	-1.2611326258744
3.5199999809265	-1.2654733840284
3.5239999294281	-1.2698325594884
3.5280001163483	-1.2742143281434
3.5320000648499	-1.2786166725655
3.5360000133514	-1.2830395013837
3.5399999618530	-1.2874839875287
3.5439999103546	-1.2919487841535
3.5480000972748	-1.2964343325616
3.5520000457764	-1.3009413991406
3.5559999942780	-1.3054684446970
3.5599999427795	-1.3100183504143
3.5639998912811	-1.3145877756433
3.5680000782013	-1.3191786206654
3.5720000267029	-1.3237897546899
3.5759999752045	-1.3284229019112
3.5799999237061	-1.3330764190491
3.5840001106262	-1.3377507687355
3.5880000591278	-1.3424476112441
3.5920000076294	-1.3471654865533
3.5959999561310	-1.3519041835737
3.5999999046326	-1.3566632377100
3.6040000915527	-1.3614453157537
3.6080000400543	-1.3662485052126
3.6119999885559	-1.3710741333684
3.6159999370575	-1.3759207943062
3.6199998855591	-1.3807888762451
3.6240000724792	-1.3856795127053
3.6280000209808	-1.3905927161522
3.6319999694824	-1.3955286329295
3.6359999179840	-1.4004857419234
3.6400001049042	-1.4054666864254
3.6440000534058	-1.4104694357941
3.6480000019073	-1.4154959842562
3.6519999504089	-1.4205453912062
3.6559998989105	-1.4256198561709
3.6600000858307	-1.4307175119177
3.6640000343323	-1.4358390053315
3.6679999828339	-1.4409851206298
3.6719999313354	-1.4461558878495
3.6760001182556	-1.4513516563086
3.6800000667572	-1.4565718628537
3.6840000152588	-1.4618190250413
3.6879999637604	-1.4670917984736
3.6919999122620	-1.4723906710988
3.6960000991821	-1.4777163028321
3.7000000476837	-1.4830700211558
3.7039999961853	-1.4884489924258
3.7079999446869	-1.4938578392730
3.7119998931885	-1.4992950898699
3.7160000801086	-1.5047604903924
3.7200000286102	-1.5102550074116
3.7239999771118	-1.5157794631388
3.7279999256134	-1.5213342008004
3.7320001125336	-1.5269188947730
3.7360000610352	-1.5325362463787
3.7400000095367	-1.5381843676679
3.7439999580383	-1.5438641401563
3.7479999065399	-1.5495779829990
3.7520000934601	-1.5553243423902
3.7560000419617	-1.5611037637124
3.7599999904633	-1.5669181115303
3.7639999389648	-1.5727669730867
3.7679998874664	-1.5786518371403
3.7720000743866	-1.5845711294943
3.7760000228882	-1.5905285662270
3.7799999713898	-1.5965228297076
3.7839999198914	-1.6025535775523
3.7880001068115	-1.6086235940225
3.7920000553131	-1.6147321218347
3.7960000038147	-1.6208792306448
3.7999999523163	-1.6270679170774
3.8039999008179	-1.6332951757081
3.8080000877380	-1.6395654020258
3.8120000362396	-1.6458755933129
3.8159999847412	-1.6522296519224
3.8199999332428	-1.6586250781549
3.8239998817444	-1.6650639173470
3.8280000686646	-1.6715472548490
3.8320000171661	-1.6780747851147
3.8359999656677	-1.6846467016071
3.8399999141693	-1.6912659887993
3.8440001010895	-1.6979305733110
3.8480000495911	-1.7046412136657
3.8519999980927	-1.7114003534565
3.8559999465942	-1.7182063589295
3.8599998950958	-1.7250603078002
3.8640000820160	-1.7319637538050
3.8680000305176	-1.7389164581738
3.8719999790192	-1.7459201774612
3.8759999275208	-1.7529732987247
3.8800001144409	-1.7600775371625
3.8840000629425	-1.7672333180708
3.8880000114441	-1.7744403834121
3.8919999599457	-1.7817004317885
3.8959999084473	-1.7890138832870
3.9000000953674	-1.7963805348591
3.9040000438690	-1.8038008345097
3.9079999923706	-1.8112752192762
3.9119999408722	-1.8188066563229
3.9159998893738	-1.8263912117428
3.9200000762939	-1.8340337456189
3.9240000247955	-1.8417309510588
3.9279999732971	-1.8494845308296
3.9319999217987	-1.8572968918654
3.9360001087189	-1.8651665200097
3.9400000572205	-1.8730934567593
3.9440000057220	-1.8810805977494
3.9479999542236	-1.8891265327120
3.9519999027252	-1.8972319041013
3.9560000896454	-1.9053976528249
3.9600000381470	-1.9136244381159
3.9639999866486	-1.9219115371474
3.9679999351501	-1.9302605011313
3.9719998836517	-1.9386721965999
3.9760000705719	-1.9471468789769
3.9800000190735	-1.9556844650148
3.9839999675751	-1.9642863338380
3.9879999160767	-1.9729502000591
3.9920001029968	-1.9816817920381
3.9960000514984	-1.9904769650423
4.0000000000000	-1.9993393614200
4.0040001869202	-2.0082679049786
4.0079998970032	-2.0172644390431
4.0120000839233	-2.0263268852516
4.0159997940063	-2.0354597314228
4.0199999809265	-2.0446610149733
4.0240001678467	-2.0539320412185
4.0279998779297	-2.0632738673322
4.0320000648499	-2.0726884909524
4.0359997749329	-2.0821736726522
4.0399999618530	-2.0917323800428
4.0440001487732	-2.1013647280970
4.0479998588562	-2.1110714306246
4.0520000457764	-2.1208531673082
4.0560002326965	-2.1307120531270
4.0599999427795	-2.1406477330888
4.0640001296997	-2.1506624170310
4.0679998397827	-2.1607547674448
4.0720000267029	-2.1709279778673
4.0760002136230	-2.1811833187204
4.0799999237061	-2.1915191231033
4.0840001106262	-2.2019396560708
4.0879998207092	-2.2124447883530
4.0920000076294	-2.2230352169210
4.0960001945496	-2.2337126834842
4.0999999046326	-2.2444801124278
4.1040000915527	-2.2553345409476
4.1079998016357	-2.2662810414892
4.1119999885559	-2.2773190069994
4.1160001754761	-2.2884508510725
4.1199998855591	-2.2996770691843
4.1240000724792	-2.3110002412124
4.1279997825623	-2.3224216078132
4.1319999694824	-2.3339429429090
4.1360001564026	-2.3455651623080
4.1399998664856	-2.3572901376059
4.1440000534058	-2.3691193295490
4.1479997634888	-2.3810542967482
4.1519999504089	-2.3930975469224
4.1560001373291	-2.4052510486121
4.1599998474121	-2.4175146509509
4.1640000343323	-2.4298924484454
4.1680002212524	-2.4423849543280
4.1719999313354	-2.4549957665570
4.1760001182556	-2.4677241752879
4.1799998283386	-2.4805750650246
4.1840000152588	-2.4935478828084
4.1880002021790	-2.5066461723134
4.1919999122620	-2.5198726870931
4.1960000991821	-2.5332277988605
4.1999998092651	-2.5467152336480
4.2039999961853	-2.5603367250064
4.2080001831055	-2.5740929975063
4.2119998931885	-2.5879887077350
4.2160000801086	-2.6020250696425
4.2199997901917	-2.6162052248732
4.2239999771118	-2.6305310337469
4.2280001640320	-2.6450052049065
4.2319998741150	-2.6596278071526
4.2360000610352	-2.6744048157426
4.2399997711182	-2.6893376956336
4.2439999580383	-2.7044281170724
4.2480001449585	-2.7196781564500
4.2519998550415	-2.7350943056583
4.2560000419617	-2.7506741110007
4.2600002288818	-2.7664228659924
4.2639999389648	-2.7823443271898
4.2680001258850	-2.7984380986976
4.2719998359680	-2.8147114535703
4.2760000228882	-2.8311611317168
4.2800002098083	-2.8477951313154
4.2839999198914	-2.8646154495504
4.2880001068115	-2.8816236897762
4.2919998168945	-2.8988236161288
4.2960000038147	-2.9162180754265
4.3000001907349	-2.9338087296249
4.3039999008179	-2.9516009705642
4.3080000877380	-2.9695967886506
4.3119997978210	-2.9877985343057
4.3159999847412	-3.0062106989723
4.3200001716614	-3.0248368176172
4.3239998817444	-3.0436798347862
4.3280000686646	-3.0627414365657
4.3319997787476	-3.0820253921721
4.3359999656677	-3.1015377749506
4.3400001525879	-3.1212786247827
4.3439998626709	-3.1412545836139
4.3480000495911	-3.1614664272459
4.3520002365112	-3.1819196130058
4.3559999465942	-3.2026159661112
4.3600001335144	-3.2235618126584
4.3639998435974	-3.2447586485780
4.3680000305176	-3.2662118158296
4.3720002174377	-3.2879238869048
4.3759999275208	-3.3099006027243
4.3800001144409	-3.3321433084707
4.3839998245239	-3.3546593556041
4.3880000114441	-3.3774506915387
4.3920001983643	-3.4005231141909
4.3959999084473	-3.4238782538659
4.4000000953674	-3.4475229246379
4.4039998054504	-3.4714617275256
4.4079999923706	-3.4956996999892
4.4120001792908	-3.5202394186177
4.4159998893738	-3.5450874371862
4.4200000762939	-3.5702490163640
4.4239997863770	-3.5957284016797
4.4279999732971	-3.6215294231051
4.4320001602173	-3.6476604053213
4.4359998703003	-3.6741245645997
4.4400000572205	-3.7009279121816
4.4439997673035	-3.7280785017703
4.4479999542236	-3.7555765869368
4.4520001411438	-3.7834338273536
4.4559998512268	-3.8116547430203
4.4600000381470	-3.8402440268001
4.4640002250671	-3.8692091933761
4.4679999351501	-3.8985571151876
4.4720001220703	-3.9282959348563
4.4759998321533	-3.9584291323919
4.4800000190735	-3.9889658564208
4.4840002059937	-4.0199147076958
4.4879999160767	-4.0512816131051
4.4920001029968	-4.0830755404621
4.4959998130798	-4.1153026539176
4.5000000000000	-4.1479729164129
4.5040001869202	-4.1810935010997
4.5079998970032	-4.2146749952578
4.5120000839233	-4.2487249104463
4.5159997940063	-4.2832506215519
4.5199999809265	-4.3182636966982
4.5240001678467	-4.3537758714695
4.5279998779297	-4.3897922548562
4.5320000648499	-4.4263278296716
4.5359997749329	-4.4633885431647
4.5399999618530	-4.5009897838931
4.5440001487732	-4.5391387953859
4.5479998588562	-4.5778494070236
4.5520000457764	-4.6171308878128
4.5560002326965	-4.6569991943093
4.5599999427795	-4.6974623829182
4.5640001296997	-4.7385385854363
4.5679998397827	-4.7802340211990
4.5720000267029	-4.8225673152654
4.5760002136230	-4.8655521543494
4.5799999237061	-4.9091992322500
4.5840001106262	-4.9535255668082
4.5879998207092	-4.9985473561631
4.5920000076294	-5.0442766891932
4.5960001945496	-5.0907323857266
4.5999999046326	-5.1379301401898
4.6040000915527	-5.1858852008504
4.6079998016357	-5.2346172235105
4.6119999885559	-5.2841425505068
4.6160001754761	-5.3344795855033
4.6199998855591	-5.3856466221355
4.6240000724792	-5.4376637885284
4.6279997825623	-5.4905513766201
4.6319999694824	-5.5443284708055
4.6360001564026	-5.5990169124001
4.6399998664856	-5.6546378511433
4.6440000534058	-5.7112136366083
4.6479997634888	-5.7687677074422
4.6519999504089	-5.8273227377400
4.6560001373291	-5.8869023834083
4.6599998474121	-5.9475330397284
4.6640000343323	-6.0092408837076
4.6680002212524	-6.0720500027498
4.6719999313354	-6.1359890836499
4.6760001182556	-6.2010856935078
4.6799998283386	-6.2673687750035
4.6840000152588	-6.3348684731867
4.6880002021790	-6.4036145891244
4.6919999122620	-6.4736397568951
4.6960000991821	-6.5449758118501
4.6999998092651	-6.6176563542417
4.7039999961853	-6.6917173107583
4.7080001831055	-6.7671928998412
4.7119998931885	-6.8441219465263
4.7160000801086	-6.9225421241098
4.7199997901917	-7.0024916619370
4.7239999771118	-7.0840130757276
4.7280001640320	-7.1671489134794
4.7319998741150	-7.2519418672797
4.7360000610352	-7.3384378703745
4.7399997711182	-7.4266844627406
4.7439999580383	-7.5167302182510
4.7480001449585	-7.6086256435450
4.7519998550415	-7.7024228946304
4.7560000419617	-7.7981772996254
4.7600002288818	-7.8959447524773
4.7639999389648	-7.9957853315462
4.7680001258850	-8.0977593883517
4.7719998359680	-8.2019323605968
4.7760000228882	-8.3083691930177
4.7800002098083	-8.4171398696991
4.7839999198914	-8.5283169575250
4.7880001068115	-8.6419770811461
4.7919998168945	-8.7581988408508
4.7960000038147	-8.8770647977043
4.8000001907349	-8.9986611439704
4.8039999008179	-9.1230810644729
4.8080000877380	-9.2504170548892
4.8119997978210	-9.3807694249474
4.8159999847412	-9.5142479178683
4.8200001716614	-9.6509572987697
4.8239998817444	-9.7910180087736
4.8280000686646	-9.9345530568444
4.8319997787476	-10.081691280450
4.8359999656677	-10.232570245774
4.8400001525879	-10.387334615235
4.8439998626709	-10.546141052456
4.8480000495911	-10.709150524930
4.8520002365112	-10.876536910102
4.8559999465942	-11.048486163941
4.8600001335144	-11.225195180995
4.8639998435974	-11.406873848191
4.8680000305176	-11.593747224888
4.8720002174377	-11.786054229637
4.8759999275208	-11.984055201367
4.8800001144409	-12.188027601272
4.8839998245239	-12.398269706019
4.8880000114441	-12.615103432065
4.8920001983643	-12.838876475407
4.8959999084473	-13.069967423043
4.9000000953674	-13.308786279955
4.9039998054504	-13.555779395169
4.9079999923706	-13.811433462251
4.9120001792908	-14.076280228489
4.9159998893738	-14.350903386641
4.9200000762939	-14.635950613122
4.9239997863770	-14.932129649906
4.9279999732971	-15.240227221982
4.9320001602173	-15.561118148103
4.9359998703003	-15.895780356100
4.9400000572205	-16.245306055377
4.9439997673035	-16.610928511113
4.9479999542236	-16.994037874644
4.9520001411438	-17.396216763109
4.9559998512268	-17.819268003784
4.9600000381470	-18.265269721438
4.9640002250671	-18.736618041156
4.9679999351501	-19.236099064578
4.9720001220703	-19.766981835617
4.9759998321533	-20.333117781002
4.9800000190735	-20.939092207765
4.9840002059937	-21.590397618308
4.9879999160767	-22.293672764864
4.9920001029968	-23.057005495488
4.9959998130798	-23.890293397536
5.0000000000000	-24.805685840581
5.0040001869202	-25.817988015145
5.0079998970032	-26.944734296846
5.0120000839233	-28.204998924121
5.0159997940063	-29.614033724343
5.0199999809265	-31.165385387581
5.0240001678467	-32.779002005762
5.0279998779297	-34.186193578501
5.0320000648499	-34.853414363918
5.0359997749329	-34.381497250836
5.0399999618530	-33.060991337624
5.0440001487732	-31.451515304319
5.0479998588562	-29.872670629894
5.0520000457764	-28.429217604598
5.0560002326965	-27.135905778016
5.0599999427795	-25.979583737801
5.0640001296997	-24.941275082355
5.0679998397827	-24.003004108232
5.0720000267029	-23.149436730514
5.0760002136230	-22.367959470668
5.0799999237061	-21.648283137836
5.0840001106262	-20.982016126108
5.0879998207092	-20.362275204611
5.0920000076294	-19.783374401244
5.0960001945496	-19.240575575402
5.0999999046326	-18.729902765707
5.1040000915527	-18.247993517679
5.1079998016357	-17.791980878470
5.1119999885559	-17.359397929014
5.1160001754761	-16.948122176152
5.1199998855591	-16.556299336502
5.1240000724792	-16.182316031816
5.1279997825623	-15.824745109238
5.1319999694824	-15.482334662186
5.1360001564026	-15.153965409095
5.1399998664856	-14.838644993638
5.1440000534058	-14.535484066911
5.1479997634888	-14.243681376093
5.1519999504089	-13.962512685400
5.1560001373291	-13.691330392385
5.1599998474121	-13.429537520147
5.1640000343323	-13.176597117448
5.1680002212524	-12.932015315744
5.1719999313354	-12.695340666823
5.1760001182556	-12.466161230659
5.1799998283386	-12.244091726516
5.1840000152588	-12.028784680693
5.1880002021790	-11.819911743343
5.1919999122620	-11.617174675248
5.1960000991821	-11.420295032736
5.1999998092651	-11.229009475497
5.2039999961853	-11.043078551857
5.2080001831055	-10.862273841001
5.2119998931885	-10.686387838374
5.2160000801086	-10.515219394432
5.2199997901917	-10.348584977325
5.2239999771118	-10.186310148603
5.2280001640320	-10.028230967776
5.2319998741150	-9.8741916366117
5.2360000610352	-9.7240465094592
5.2399997711182	-9.5776588401473
5.2439999580383	-9.4348979169972
5.2480001449585	-9.2956427048756
5.2519998550415	-9.1597714765685
5.2560000419617	-9.0271767950314
5.2600002288818	-8.8977499823936
5.2639999389648	-8.7713921211446
5.2680001258850	-8.6480098585189
5.2719998359680	-8.5275074404925
5.2760000228882	-8.4098003856520
5.2800002098083	-8.2948048442319
5.2839999198914	-8.1824403524271
5.2880001068115	-8.0726322252876
5.2919998168945	-7.9653053862937
5.2960000038147	-7.8603889875351
5.3000001907349	-7.7578186805993
5.3039999008179	-7.6575256581542
5.3080000877380	-7.5594510951954
5.3119997978210	-7.4635334385267
5.3159999847412	-7.3697137762798
5.3200001716614	-7.2779383852508
5.3239998817444	-7.1881526841060
5.3280000686646	-7.1003028930417
5.3319997787476	-7.0143406699664
5.3359999656677	-6.9302172093928
5.3400001525879	-6.8478833249737
5.3439998626709	-6.7672975936047
5.3480000495911	-6.6884113099732
5.3520002365112	-6.6111847411404
5.3559999465942	-6.5355765400275
5.3600001335144	-6.4615426751666
5.3639998435974	-6.3890476874056
5.3680000305176	-6.3180535604703
5.3720002174377	-6.2485205151415
5.3759999275208	-6.1804143169730
5.3800001144409	-6.1137008584317
5.3839998245239	-6.0483438096422
5.3880000114441	-5.9843122484271
5.3920001983643	-5.9215718436286
5.3959999084473	-5.8600923673522
5.4000000953674	-5.7998431705093
5.4039998054504	-5.7407939172443
5.4079999923706	-5.6829159193216
5.4120001792908	-5.6261791723552
5.4159998893738	-5.5705574497268
5.4200000762939	-5.5160244480401
5.4239997863770	-5.4625516856224
5.4279999732971	-5.4101151038740
5.4320001602173	-5.3586887098997
5.4359998703003	-5.3082481387394
5.4400000572205	-5.2587696353342
5.4439997673035	-5.2102295399083
5.4479999542236	-5.1626059091179
5.4520001411438	-5.1158748406599
5.4559998512268	-5.0700170895990
5.4600000381470	-5.0250091091916
5.4640002250671	-4.9808319098169
5.4679999351501	-4.9374656185469
5.4720001220703	-4.8948885425075
5.4759998321533	-4.8530836427381
5.4800000190735	-4.8120314502565
5.4840002059937	-4.7717149376911
5.4879999160767	-4.7321149455984
5.4920001029968	-4.6932159222742
5.4959998130798	-4.6550000400049
5.5000000000000	-4.6174518515488
5.5040001869202	-4.5805551336411
5.5079998970032	-4.5442930133528
5.5120000839233	-4.5086531556437
5.5159997940063	-4.4736208635263
5.5199999809265	-4.4391816702652
5.5240001678467	-4.4053212776201
5.5279998779297	-4.3720284759423
5.5320000648499	-4.3392879895636
5.5359997749329	-4.3070895975954
5.5399999618530	-4.2754202678069
5.5440001487732	-4.2442687486484
5.5479998588562	-4.2136243129809
5.5520000457764	-4.1834764049596
5.5560002326965	-4.1538130945143
5.5599999427795	-4.1246268646980
5.5640001296997	-4.0959054463415
5.5679998397827	-4.0676417859278
5.5720000267029	-4.0398257081084
5.5760002136230	-4.0124495465621
5.5799999237061	-3.9855045419217
5.5840001106262	-3.9589827557613
5.5879998207092	-3.9328783470266
5.5920000076294	-3.9071801449566
5.5960001945496	-3.8818837890334
5.5999999046326	-3.8569848108506
5.6040000915527	-3.8324723653101
5.6079998016357	-3.8083431915891
5.6119999885559	-3.7845908397523
5.6160001754761	-3.7612079837207
5.6199998855591	-3.7381927937482
5.6240000724792	-3.7155383521360
5.6279997825623	-3.6932377360660
5.6319999694824	-3.6712904787704
5.6360001564026	-3.6496891253689
5.6399998664856	-3.6284304410453
5.6440000534058	-3.6075092776928
5.6479997634888	-3.5869241412375
5.6519999504089	-3.5666695437306
5.6560001373291	-3.5467421711609
5.6599998474121	-3.5271379647783
5.6640000343323	-3.5078545637799
5.6680002212524	-3.4888888663939
5.6719999313354	-3.4702371598351
5.6760001182556	-3.4518975386388
5.6799998283386	-3.4338657715768
5.6840000152588	-3.4161391146443
5.6880002021790	-3.3987165115172
5.6919999122620	-3.3815936752552
5.6960000991821	-3.3647679692296
5.6999998092651	-3.3482368918614
5.7039999961853	-3.3319991763266
5.7080001831055	-3.3160515131665
5.7119998931885	-3.3003899117404
5.7160000801086	-3.2850136508201
5.7199997901917	-3.2699192827981
5.7239999771118	-3.2551059201045
5.7280001640320	-3.2405676363441
5.7319998741150	-3.2263066186830
5.7360000610352	-3.2123131580427
5.7399997711182	-3.1985917603921
5.7439999580383	-3.1851355272471
5.7480001449585	-3.1719434162730
5.7519998550415	-3.1590114162870
5.7560000419617	-3.1463368042950
5.7600002288818	-3.1339162835544
5.7639999389648	-3.1217477287162
5.7680001258850	-3.1098276176948
5.7719998359680	-3.0981522443341
5.7760000228882	-3.0867186079378
5.7800002098083	-3.0755231268238
5.7839999198914	-3.0645619697991
5.7880001068115	-3.0538313107956
5.7919998168945	-3.0433280087684
5.7960000038147	-3.0330483176241
5.8000001907349	-3.0229890340446
5.8039999008179	-3.0131438415013
5.8080000877380	-3.0035110910824
5.8119997978210	-2.9940850522624
5.8159999847412	-2.9848609221280
5.8200001716614	-2.9758354314642
5.8239998817444	-2.9670047318206
5.8280000686646	-2.9583623956420
5.8319997787476	-2.9499058135890
5.8359999656677	-2.9416291458507
5.8400001525879	-2.9335275635456
5.8439998626709	-2.9255956810059
5.8480000495911	-2.9178323929480
5.8520002365112	-2.9102274914851
5.8559999465942	-2.9027790660917
5.8600001335144	-2.8954819974044
5.8639998435974	-2.8883294973081
5.8680000305176	-2.8813200842444
5.8720002174377	-2.8744452230401
5.8759999275208	-2.8677002887546
5.8800001144409	-2.8610827787629
5.8839998245239	-2.8545863504105
5.8880000114441	-2.8482034722740
5.8920001983643	-2.8419332613115
5.8959999084473	-2.8357694033592
5.9000000953674	-2.8297056655039
5.9039998054504	-2.8237387912985
5.9079999923706	-2.8178635325176
5.9120001792908	-2.8120762559892
5.9159998893738	-2.8063698512663
5.9200000762939	-2.8007431285440
5.9239997863770	-2.7951901954871
5.9279999732971	-2.7897057552890
5.9320001602173	-2.7842873519253
5.9359998703003	-2.7789326375095
5.9400000572205	-2.7736339180558
5.9439997673035	-2.7683907704818
5.9479999542236	-2.7631977087701
5.9520001411438	-2.7580524961869
5.9559998512268	-2.7529526227295
5.9600000381470	-2.7478951822423
5.9640002250671	-2.7428774205482
5.9679999351501	-2.7378937991200
5.9720001220703	-2.7329469831786
5.9759998321533	-2.7280311137323
5.9800000190735	-2.7231461196372
5.9840002059937	-2.7182899584088
5.9879999160767	-2.7134632633922
5.9920001029968	-2.7086606241485
5.9959998130798	-2.7038838779166
6.0000000000000	-2.6991336083048
