#Parameters = {dr=0.5; gap=1; h_cu=0.035; r1=5.08; wr=0.3; x=0.76; y=6; z=6}
#"Frequency / GHz"	"S1,1 [Magnitude]"
#------------------------------------
2.0000000000000	-11.332796539536
2.0039999485016	-11.314895424741
2.0079998970032	-11.296910309994
2.0120000839233	-11.278844349804
2.0160000324249	-11.260703662646
2.0199999809265	-11.242492739365
2.0239999294281	-11.224219296758
2.0280001163483	-11.205886333519
2.0320000648499	-11.187500095992
2.0360000133514	-11.169069605925
2.0399999618530	-11.150597157693
2.0439999103546	-11.132092442258
2.0480000972748	-11.113560477925
2.0520000457764	-11.095009118976
2.0559999942780	-11.076443916373
2.0599999427795	-11.057870728468
2.0639998912811	-11.039296691762
2.0680000782013	-11.020729576636
2.0720000267029	-11.002173575030
2.0759999752045	-10.983637779163
2.0799999237061	-10.965127491207
2.0840001106262	-10.946647245435
2.0880000591278	-10.928205944393
2.0920000076294	-10.909807868675
2.0959999561310	-10.891458417071
2.0999999046326	-10.873163563527
2.1040000915527	-10.854929521748
2.1080000400543	-10.836758340198
2.1119999885559	-10.818658860702
2.1159999370575	-10.800635396004
2.1199998855591	-10.782689221510
2.1240000724792	-10.764827018393
2.1280000209808	-10.747050920819
2.1319999694824	-10.729367273383
2.1359999179840	-10.711777846269
2.1400001049042	-10.694282841582
2.1440000534058	-10.676889631893
2.1480000019073	-10.659597924458
2.1519999504089	-10.642409505912
2.1559998989105	-10.625328706125
2.1600000858307	-10.608354247523
2.1640000343323	-10.591489352498
2.1679999828339	-10.574732233862
2.1719999313354	-10.558086299191
2.1760001182556	-10.541550579147
2.1800000667572	-10.525125425914
2.1840000152588	-10.508811413582
2.1879999637604	-10.492606030418
2.1919999122620	-10.476509589704
2.1960000991821	-10.460521459758
2.2000000476837	-10.444638181705
2.2039999961853	-10.428861376230
2.2079999446869	-10.413188553291
2.2119998931885	-10.397614782828
2.2160000801086	-10.382140117787
2.2200000286102	-10.366762528099
2.2239999771118	-10.351477052211
2.2279999256134	-10.336282817390
2.2320001125336	-10.321177647133
2.2360000610352	-10.306155768331
2.2400000095367	-10.291215248387
2.2439999580383	-10.276352875400
2.2479999065399	-10.261564701575
2.2520000934601	-10.246846165163
2.2560000419617	-10.232195986586
2.2599999904633	-10.217609071060
2.2639999389648	-10.203078360190
2.2679998874664	-10.188604328795
2.2720000743866	-10.174180998853
2.2760000228882	-10.159806386387
2.2799999713898	-10.145474726989
2.2839999198914	-10.131181671258
2.2880001068115	-10.116922068721
2.2920000553131	-10.102693649583
2.2960000038147	-10.088493217068
2.2999999523163	-10.074317004370
2.3039999008179	-10.060159048615
2.3080000877380	-10.046015820984
2.3120000362396	-10.031885843767
2.3159999847412	-10.017765407616
2.3199999332428	-10.003648114704
2.3239998817444	-9.9895325248306
2.3280000686646	-9.9754162585231
2.3320000171661	-9.9612945720443
2.3359999656677	-9.9471658038327
2.3399999141693	-9.9330260161391
2.3440001010895	-9.9188732732132
2.3480000495911	-9.9047053776164
2.3519999980927	-9.8905206285905
2.3559999465942	-9.8763153354061
2.3599998950958	-9.8620867276723
2.3640000820160	-9.8478373966243
2.3680000305176	-9.8335606996564
2.3719999790192	-9.8192580810044
2.3759999275208	-9.8049280438488
2.3800001144409	-9.7905692500467
2.3840000629425	-9.7761810627852
2.3880000114441	-9.7617613263815
2.3919999599457	-9.7473116250059
2.3959999084473	-9.7328320380976
2.4000000953674	-9.7183206279947
2.4040000438690	-9.7037776401579
2.4079999923706	-9.6892044651633
2.4119999408722	-9.6745997960505
2.4159998893738	-9.6599680038542
2.4200000762939	-9.6453052575642
2.4240000247955	-9.6306152220860
2.4279999732971	-9.6158974820827
2.4319999217987	-9.6011558988769
2.4360001087189	-9.5863877747408
2.4400000572205	-9.5715980758656
2.4440000057220	-9.5567852050222
2.4479999542236	-9.5419546827370
2.4519999027252	-9.5271054808613
2.4560000896454	-9.5122403373760
2.4600000381470	-9.4973623700116
2.4639999866486	-9.4824722402598
2.4679999351501	-9.4675721905634
2.4719998836517	-9.4526635509248
2.4760000705719	-9.4377511863431
2.4800000190735	-9.4228364406336
2.4839999675751	-9.4079199389220
2.4879999160767	-9.3930051399114
2.4920001029968	-9.3780967772229
2.4960000514984	-9.3631929586710
2.5000000000000	-9.3482987830945
2.5039999485016	-9.3334170332931
2.5079998970032	-9.3185481450419
2.5120000839233	-9.3036963160819
2.5160000324249	-9.2888629734036
2.5199999809265	-9.2740495508923
2.5239999294281	-9.2592591558904
2.5280001163483	-9.2444952328686
2.5320000648499	-9.2297574061570
2.5360000133514	-9.2150502974613
2.5399999618530	-9.2003736573746
2.5439999103546	-9.1857323336059
2.5480000972748	-9.1711248143443
2.5520000457764	-9.1565534111887
2.5559999942780	-9.1420209503686
2.5599999427795	-9.1275303599899
2.5639998912811	-9.1130787659051
2.5680000782013	-9.0986726719316
2.5720000267029	-9.0843090196887
2.5759999752045	-9.0699900251499
2.5799999237061	-9.0557190754486
2.5840001106262	-9.0414951085783
2.5880000591278	-9.0273171016379
2.5920000076294	-9.0131883559573
2.5959999561310	-8.9991106355400
2.5999999046326	-8.9850805428431
2.6040000915527	-8.9710990736221
2.6080000400543	-8.9571687651508
2.6119999885559	-8.9432900028268
2.6159999370575	-8.9294595815928
2.6199998855591	-8.9156770799810
2.6240000724792	-8.9019473596908
2.6280000209808	-8.8882651148388
2.6319999694824	-8.8746310412904
2.6359999179840	-8.8610449820714
2.6400001049042	-8.8475065981894
2.6440000534058	-8.8340135901831
2.6480000019073	-8.8205661789658
2.6519999504089	-8.8071631828366
2.6559998989105	-8.7938044659085
2.6600000858307	-8.7804859584610
2.6640000343323	-8.7672093981851
2.6679999828339	-8.7539728542282
2.6719999313354	-8.7407744917243
2.6760001182556	-8.7276121854822
2.6800000667572	-8.7144849860738
2.6840000152588	-8.7013910592431
2.6879999637604	-8.6883286875378
2.6919999122620	-8.6752990977600
2.6960000991821	-8.6622947277886
2.7000000476837	-8.6493193579957
2.7039999961853	-8.6363689881738
2.7079999446869	-8.6234425758424
2.7119998931885	-8.6105365217909
2.7160000801086	-8.5976498583449
2.7200000286102	-8.5847830217534
2.7239999771118	-8.5719305973218
2.7279999256134	-8.5590935406653
2.7320001125336	-8.5462698949741
2.7360000610352	-8.5334557643155
2.7400000095367	-8.5206515718412
2.7439999580383	-8.5078554517527
2.7479999065399	-8.4950663443632
2.7520000934601	-8.4822804147973
2.7560000419617	-8.4694981023403
2.7599999904633	-8.4567156155134
2.7639999389648	-8.4439337335024
2.7679998874664	-8.4311524424683
2.7720000743866	-8.4183654436369
2.7760000228882	-8.4055756420316
2.7799999713898	-8.3927822649601
2.7839999198914	-8.3799806466409
2.7880001068115	-8.3671728558280
2.7920000553131	-8.3543560385308
2.7960000038147	-8.3415286378366
2.7999999523163	-8.3286922450334
2.8039999008179	-8.3158458920842
2.8080000877380	-8.3029880136659
2.8120000362396	-8.2901179542918
2.8159999847412	-8.2772365559079
2.8199999332428	-8.2643398565013
2.8239998817444	-8.2514321156124
2.8280000686646	-8.2385093470784
2.8320000171661	-8.2255742878012
2.8359999656677	-8.2126250481167
2.8399999141693	-8.1996628781841
2.8440001010895	-8.1866876258794
2.8480000495911	-8.1736972059930
2.8519999980927	-8.1606956152607
2.8559999465942	-8.1476814739626
2.8599998950958	-8.1346530937209
2.8640000820160	-8.1216155536087
2.8680000305176	-8.1085645006306
2.8719999790192	-8.0955034259436
2.8759999275208	-8.0824327288696
2.8800001144409	-8.0693525830419
2.8840000629425	-8.0562644023059
2.8880000114441	-8.0431691913789
2.8919999599457	-8.0300667800375
2.8959999084473	-8.0169575100628
2.9000000953674	-8.0038441905781
2.9040000438690	-7.9907276010785
2.9079999923706	-7.9776080152922
2.9119999408722	-7.9644857403248
2.9159998893738	-7.9513637285391
2.9200000762939	-7.9382421193834
2.9240000247955	-7.9251217686505
2.9279999732971	-7.9120040645155
2.9319999217987	-7.8988896638801
2.9360001087189	-7.8857823879234
2.9400000572205	-7.8726788318660
2.9440000057220	-7.8595850019370
2.9479999542236	-7.8464977466211
2.9519999027252	-7.8334205442458
2.9560000896454	-7.8203537280919
2.9600000381470	-7.8072982141957
2.9639999866486	-7.7942568045596
2.9679999351501	-7.7812272610373
2.9719998836517	-7.7682141901861
2.9760000705719	-7.7552163032427
2.9800000190735	-7.7422343645184
2.9839999675751	-7.7292718963867
2.9879999160767	-7.7163263959979
2.9920001029968	-7.7033988869360
2.9960000514984	-7.6904931609612
3.0000000000000	-7.6776078509156
3.0039999485016	-7.6647417223541
3.0079998970032	-7.6518996046773
3.0120000839233	-7.6390775015997
3.0160000324249	-7.6262807231336
3.0199999809265	-7.6135048256344
3.0239999294281	-7.6007542523040
3.0280001163483	-7.5880261159802
3.0320000648499	-7.5753218696256
3.0360000133514	-7.5626425475782
3.0399999618530	-7.5499870457070
3.0439999103546	-7.5373565264029
3.0480000972748	-7.5247497405230
3.0520000457764	-7.5121669612954
3.0559999942780	-7.4996090299540
3.0599999427795	-7.4870738198425
3.0639998912811	-7.4745629623258
3.0680000782013	-7.4620748150277
3.0720000267029	-7.4496098965078
3.0759999752045	-7.4371655483676
3.0799999237061	-7.4247454829569
3.0840001106262	-7.4123459178211
3.0880000591278	-7.3999666569011
3.0920000076294	-7.3876077757118
3.0959999561310	-7.3752675531859
3.0999999046326	-7.3629465277842
3.1040000915527	-7.3506433206710
3.1080000400543	-7.3383572187439
3.1119999885559	-7.3260883397316
3.1159999370575	-7.3138331701352
3.1199998855591	-7.3015915604253
3.1240000724792	-7.2893656695882
3.1280000209808	-7.2771509145357
3.1319999694824	-7.2649475211574
3.1359999179840	-7.2527550718486
3.1400001049042	-7.2405715709917
3.1440000534058	-7.2283956801945
3.1480000019073	-7.2162292468816
3.1519999504089	-7.2040671092209
3.1559998989105	-7.1919120283580
3.1600000858307	-7.1797590836834
3.1640000343323	-7.1676103230400
3.1679999828339	-7.1554624756489
3.1719999313354	-7.1433165816248
3.1760001182556	-7.1311705513830
3.1800000667572	-7.1190229260752
3.1840000152588	-7.1068735364976
3.1879999637604	-7.0947214350857
3.1919999122620	-7.0825663179268
3.1960000991821	-7.0704047560557
3.2000000476837	-7.0582384435353
3.2039999961853	-7.0460645807117
3.2079999446869	-7.0338844375680
3.2119998931885	-7.0216950065276
3.2160000801086	-7.0094968096730
3.2200000286102	-6.9972897140082
3.2239999771118	-6.9850720784609
3.2279999256134	-6.9728423922735
3.2320001125336	-6.9606026168236
3.2360000610352	-6.9483495158703
3.2400000095367	-6.9360848087268
3.2439999580383	-6.9238070689552
3.2479999065399	-6.9115146064328
3.2520000934601	-6.8992100200080
3.2560000419617	-6.8868908779809
3.2599999904633	-6.8745574627527
3.2639999389648	-6.8622102525563
3.2679998874664	-6.8498467152198
3.2720000743866	-6.8374706002090
3.2760000228882	-6.8250791455143
3.2799999713898	-6.8126724838599
3.2839999198914	-6.8002514512035
3.2880001068115	-6.7878157547082
3.2920000553131	-6.7753651771372
3.2960000038147	-6.7629002656481
3.2999999523163	-6.7504218360564
3.3039999008179	-6.7379304997357
3.3080000877380	-6.7254249066716
3.3120000362396	-6.7129057047117
3.3159999847412	-6.7003751026663
3.3199999332428	-6.6878312197843
3.3239998817444	-6.6752759568086
3.3280000686646	-6.6627099253098
3.3320000171661	-6.6501329026117
3.3359999656677	-6.6375453734462
3.3399999141693	-6.6249481180072
3.3440001010895	-6.6123414420859
3.3480000495911	-6.5997274548560
3.3519999980927	-6.5871046523970
3.3559999465942	-6.5744745061265
3.3599998950958	-6.5618382581096
3.3640000820160	-6.5491970376599
3.3680000305176	-6.5365507064699
3.3719999790192	-6.5238992048150
3.3759999275208	-6.5112440958618
3.3800001144409	-6.4985849551257
3.3840000629425	-6.4859236216913
3.3880000114441	-6.4732606283453
3.3919999599457	-6.4605967825398
3.3959999084473	-6.4479321053718
3.4000000953674	-6.4352668368768
3.4040000438690	-6.4226032797369
3.4079999923706	-6.4099411173877
3.4119999408722	-6.3972800666820
3.4159998893738	-6.3846216258436
3.4200000762939	-6.3719664013317
3.4240000247955	-6.3593135133694
3.4279999732971	-6.3466656681486
3.4319999217987	-6.3340215574693
3.4360001087189	-6.3213824253164
3.4400000572205	-6.3087484116734
3.4440000057220	-6.2961191997597
3.4479999542236	-6.2834961991999
3.4519999027252	-6.2708785415320
3.4560000896454	-6.2582676507842
3.4600000381470	-6.2456624262292
3.4639999866486	-6.2330642307684
3.4679999351501	-6.2204720719204
3.4719998836517	-6.2078866664560
3.4760000705719	-6.1953078805726
3.4800000190735	-6.1827352449107
3.4839999675751	-6.1701693466642
3.4879999160767	-6.1576091440222
3.4920001029968	-6.1450572809587
3.4960000514984	-6.1325084941732
3.5000000000000	-6.1199671908351
3.5039999485016	-6.1074302008724
3.5079998970032	-6.0948995485844
3.5120000839233	-6.0823723417460
3.5160000324249	-6.0698499461484
3.5199999809265	-6.0573307648856
3.5239999294281	-6.0448156135831
3.5280001163483	-6.0323024561380
3.5320000648499	-6.0197920691718
3.5360000133514	-6.0072829949199
3.5399999618530	-5.9947745435549
3.5439999103546	-5.9822675498940
3.5480000972748	-5.9697597348373
3.5520000457764	-5.9572502310271
3.5559999942780	-5.9447390302313
3.5599999427795	-5.9322259958584
3.5639998912811	-5.9197072594525
3.5680000782013	-5.9071878618300
3.5720000267029	-5.8946602037745
3.5759999752045	-5.8821289909796
3.5799999237061	-5.8695902645972
3.5840001106262	-5.8570430060954
3.5880000591278	-5.8444883340372
3.5920000076294	-5.8319252548315
3.5959999561310	-5.8193507634335
3.5999999046326	-5.8067654192319
3.6040000915527	-5.7941697327687
3.6080000400543	-5.7815602157735
3.6119999885559	-5.7689379405994
3.6159999370575	-5.7562995955903
3.6199998855591	-5.7436465345488
3.6240000724792	-5.7309789776707
3.6280000209808	-5.7182923774965
3.6319999694824	-5.7055904262051
3.6359999179840	-5.6928679676535
3.6400001049042	-5.6801270550167
3.6440000534058	-5.6673667150440
3.6480000019073	-5.6545866893685
3.6519999504089	-5.6417833381052
3.6559998989105	-5.6289589810884
3.6600000858307	-5.6161120963479
3.6640000343323	-5.6032419016865
3.6679999828339	-5.5903479442710
3.6719999313354	-5.5774302989067
3.6760001182556	-5.5644873235245
3.6800000667572	-5.5515213200898
3.6840000152588	-5.5385274365629
3.6879999637604	-5.5255089051616
3.6919999122620	-5.5124638359635
3.6960000991821	-5.4993914042600
3.7000000476837	-5.4862933045163
3.7039999961853	-5.4731679202348
3.7079999446869	-5.4600153877341
3.7119998931885	-5.4468338000339
3.7160000801086	-5.4336278421684
3.7200000286102	-5.4203917786448
3.7239999771118	-5.4071299460758
3.7279999256134	-5.3938387595554
3.7320001125336	-5.3805208425098
3.7360000610352	-5.3671750377297
3.7400000095367	-5.3538013857336
3.7439999580383	-5.3404014589334
3.7479999065399	-5.3269761033515
3.7520000934601	-5.3135222346121
3.7560000419617	-5.3000422613581
3.7599999904633	-5.2865342849815
3.7639999389648	-5.2730008950880
3.7679998874664	-5.2594410910240
3.7720000743866	-5.2458581028866
3.7760000228882	-5.2322486025011
3.7799999713898	-5.2186138878663
3.7839999198914	-5.2049555742037
3.7880001068115	-5.1912725218815
3.7920000553131	-5.1775669000584
3.7960000038147	-5.1638387175979
3.7999999523163	-5.1500874113507
3.8039999008179	-5.1363130499456
3.8080000877380	-5.1225182644220
3.8120000362396	-5.1087019216943
3.8159999847412	-5.0948649296228
3.8199999332428	-5.0810062585751
3.8239998817444	-5.0671301108033
3.8280000686646	-5.0532336301892
3.8320000171661	-5.0393177651436
3.8359999656677	-5.0253831590298
3.8399999141693	-5.0114307049811
3.8440001010895	-4.9974619390638
3.8480000495911	-4.9834735417755
3.8519999980927	-4.9694694823357
3.8559999465942	-4.9554491973427
3.8599998950958	-4.9414110080221
3.8640000820160	-4.9273588795755
3.8680000305176	-4.9132904378620
3.8719999790192	-4.8992068947181
3.8759999275208	-4.8851066685837
3.8800001144409	-4.8709934222041
3.8840000629425	-4.8568639662578
3.8880000114441	-4.8427211919888
3.8919999599457	-4.8285644231625
3.8959999084473	-4.8143920466743
3.9000000953674	-4.8002052040052
3.9040000438690	-4.7860049742921
3.9079999923706	-4.7717893833287
3.9119999408722	-4.7575593975739
3.9159998893738	-4.7433155663626
3.9200000762939	-4.7290555805999
3.9240000247955	-4.7147812533599
3.9279999732971	-4.7004921409226
3.9319999217987	-4.6861871363543
3.9360001087189	-4.6718675546986
3.9400000572205	-4.6575307017890
3.9440000057220	-4.6431773957408
3.9479999542236	-4.6288082966116
3.9519999027252	-4.6144198527218
3.9560000896454	-4.6000152220989
3.9600000381470	-4.5855913063842
3.9639999866486	-4.5711487850289
3.9679999351501	-4.5566873665180
3.9719998836517	-4.5422052054952
3.9760000705719	-4.5277013562119
3.9800000190735	-4.5131774076474
3.9839999675751	-4.4986308668336
3.9879999160767	-4.4840608594992
3.9920001029968	-4.4694679326554
3.9960000514984	-4.4548500404767
4.0000000000000	-4.4402074387873
4.0040001869202	-4.4255374200306
4.0079998970032	-4.4108400841726
4.0120000839233	-4.3961168215828
4.0159997940063	-4.3813622278327
4.0199999809265	-4.3665795731589
4.0240001678467	-4.3517652268930
4.0279998779297	-4.3369201620763
4.0320000648499	-4.3220422889454
4.0359997749329	-4.3071312205337
4.0399999618530	-4.2921849378836
4.0440001487732	-4.2772045333766
4.0479998588562	-4.2621885232671
4.0520000457764	-4.2471341844450
4.0560002326965	-4.2320426908880
4.0599999427795	-4.2169116957009
4.0640001296997	-4.2017407860548
4.0679998397827	-4.1865290493825
4.0720000267029	-4.1712759612834
4.0760002136230	-4.1559810944576
4.0799999237061	-4.1406423390343
4.0840001106262	-4.1252600796481
4.0879998207092	-4.1098323136185
4.0920000076294	-4.0943587534998
4.0960001945496	-4.0788407930175
4.0999999046326	-4.0632744909568
4.1040000915527	-4.0476611036019
4.1079998016357	-4.0319985862832
4.1119999885559	-4.0162880990924
4.1160001754761	-4.0005282454155
4.1199998855591	-3.9847178058066
4.1240000724792	-3.9688572335568
4.1279997825623	-3.9529455954128
4.1319999694824	-3.9369837417136
4.1360001564026	-3.9209695676816
4.1399998664856	-3.9049036388971
4.1440000534058	-3.8887852457542
4.1479997634888	-3.8726147863566
4.1519999504089	-3.8563908129086
4.1560001373291	-3.8401146268322
4.1599998474121	-3.8237856743919
4.1640000343323	-3.8074031168046
4.1680002212524	-3.7909680892587
4.1719999313354	-3.7744781264019
4.1760001182556	-3.7579366699325
4.1799998283386	-3.7413418733737
4.1840000152588	-3.7246941852319
4.1880002021790	-3.7079945027455
4.1919999122620	-3.6912403094853
4.1960000991821	-3.6744369250593
4.1999998092651	-3.6575792792161
4.2039999961853	-3.6406704829329
4.2080001831055	-3.6237096063995
4.2119998931885	-3.6066984635620
4.2160000801086	-3.5896374656486
4.2199997901917	-3.5725253581306
4.2239999771118	-3.5553649638608
4.2280001640320	-3.5381530916043
4.2319998741150	-3.5208934088295
4.2360000610352	-3.5035860083930
4.2399997711182	-3.4862300186890
4.2439999580383	-3.4688267748458
4.2480001449585	-3.4513783265847
4.2519998550415	-3.4338833961107
4.2560000419617	-3.4163428776532
4.2600002288818	-3.3987570769261
4.2639999389648	-3.3811266755645
4.2680001258850	-3.3634537791258
4.2719998359680	-3.3457376825843
4.2760000228882	-3.3279797450210
4.2800002098083	-3.3101790429497
4.2839999198914	-3.2923384300331
4.2880001068115	-3.2744560661268
4.2919998168945	-3.2565349383400
4.2960000038147	-3.2385728183278
4.3000001907349	-3.2205734929857
4.3039999008179	-3.2025347219252
4.3080000877380	-3.1844588735557
4.3119997978210	-3.1663459894581
4.3159999847412	-3.1481966390121
4.3200001716614	-3.1300095673074
4.3239998817444	-3.1117895447641
4.3280000686646	-3.0935323212472
4.3319997787476	-3.0752413733876
4.3359999656677	-3.0569144244219
4.3400001525879	-3.0385545942651
4.3439998626709	-3.0201605089645
4.3480000495911	-3.0017330100178
4.3520002365112	-2.9832727032195
4.3559999465942	-2.9647795088826
4.3600001335144	-2.9462527744302
4.3639998435974	-2.9276942777486
4.3680000305176	-2.9091028485524
4.3720002174377	-2.8904795440767
4.3759999275208	-2.8718230727958
4.3800001144409	-2.8531350219094
4.3839998245239	-2.8344157838457
4.3880000114441	-2.8156640970221
4.3920001983643	-2.7968797459053
4.3959999084473	-2.7780636284102
4.4000000953674	-2.7592158586125
4.4039998054504	-2.7403347921369
4.4079999923706	-2.7214219871645
4.4120001792908	-2.7024753785713
4.4159998893738	-2.6834969245207
4.4200000762939	-2.6644856540171
4.4239997863770	-2.6454411286193
4.4279999732971	-2.6263629393276
4.4320001602173	-2.6072509896296
4.4359998703003	-2.5881051896355
4.4400000572205	-2.5689259884983
4.4439997673035	-2.5497122066823
4.4479999542236	-2.5304633026380
4.4520001411438	-2.5111791876757
4.4559998512268	-2.4918603757506
4.4600000381470	-2.4725058066680
4.4640002250671	-2.4531155986661
4.4679999351501	-2.4336897874157
4.4720001220703	-2.4142274650355
4.4759998321533	-2.3947289734131
4.4800000190735	-2.3751937634989
4.4840002059937	-2.3556211313457
4.4879999160767	-2.3360121982627
4.4920001029968	-2.3163665621266
4.4959998130798	-2.2966829423424
4.5000000000000	-2.2769625723458
4.5040001869202	-2.2572051321508
4.5079998970032	-2.2374107742426
4.5120000839233	-2.2175787772672
4.5159997940063	-2.1977095536625
4.5199999809265	-2.1778052985419
4.5240001678467	-2.1578626662864
4.5279998779297	-2.1378847488523
4.5320000648499	-2.1178704350583
4.5359997749329	-2.0978203808532
4.5399999618530	-2.0777363213017
4.5440001487732	-2.0576184648696
4.5479998588562	-2.0374648213599
4.5520000457764	-2.0172796931619
4.5560002326965	-1.9970615872931
4.5599999427795	-1.9768123658140
4.5640001296997	-1.9565330833235
4.5679998397827	-1.9362249141516
4.5720000267029	-1.9158884427701
4.5760002136230	-1.8955240111965
4.5799999237061	-1.8751343281016
4.5840001106262	-1.8547211954216
4.5879998207092	-1.8342849594344
4.5920000076294	-1.8138270521126
4.5960001945496	-1.7933498463339
4.5999999046326	-1.7728562275379
4.6040000915527	-1.7523470358312
4.6079998016357	-1.7318234290438
4.6119999885559	-1.7112889910913
4.6160001754761	-1.6907451727379
4.6199998855591	-1.6701933463491
4.6240000724792	-1.6496396043000
4.6279997825623	-1.6290818031642
4.6319999694824	-1.6085252300909
4.6360001564026	-1.5879731157042
4.6399998664856	-1.5674265290072
4.6440000534058	-1.5468899822248
4.6479997634888	-1.5263652966354
4.6519999504089	-1.5058563919607
4.6560001373291	-1.4853664108076
4.6599998474121	-1.4648985202388
4.6640000343323	-1.4444562783799
4.6680002212524	-1.4240435621556
4.6719999313354	-1.4036632901341
4.6760001182556	-1.3833198665340
4.6799998283386	-1.3630167251890
4.6840000152588	-1.3427577255917
4.6880002021790	-1.3225474819719
4.6919999122620	-1.3023893965977
4.6960000991821	-1.2822879779866
4.6999998092651	-1.2622483228037
4.7039999961853	-1.2422727990404
4.7080001831055	-1.2223659844886
4.7119998931885	-1.2025344269815
4.7160000801086	-1.1827804225003
4.7199997901917	-1.1631106887369
4.7239999771118	-1.1435280125953
4.7280001640320	-1.1240375278503
4.7319998741150	-1.1046445815900
4.7360000610352	-1.0853532708635
4.7399997711182	-1.0661686532875
4.7439999580383	-1.0470954028410
4.7480001449585	-1.0281394084459
4.7519998550415	-1.0093050782977
4.7560000419617	-0.99059654962323
4.7600002288818	-0.97201944497679
4.7639999389648	-0.95357843093431
4.7680001258850	-0.93527981857415
4.7719998359680	-0.91712776663924
4.7760000228882	-0.89912632502711
4.7800002098083	-0.88128203580857
4.7839999198914	-0.86360103632250
4.7880001068115	-0.84608520797541
4.7919998168945	-0.82874165625161
4.7960000038147	-0.81157546963849
4.8000001907349	-0.79459217325773
4.8039999008179	-0.77779432173791
4.8080000877380	-0.76118987562335
4.8119997978210	-0.74478144813942
4.8159999847412	-0.72857701972208
4.8200001716614	-0.71257909188779
4.8239998817444	-0.69679121164690
4.8280000686646	-0.68122350094340
4.8319997787476	-0.66587479716923
4.8359999656677	-0.65075482867676
4.8400001525879	-0.63586627998244
4.8439998626709	-0.62121318417377
4.8480000495911	-0.60680042731518
4.8520002365112	-0.59263375220999
4.8559999465942	-0.57871775478169
4.8600001335144	-0.56505519992100
4.8639998435974	-0.55165308949624
4.8680000305176	-0.53851388104501
4.8720002174377	-0.52564319932523
4.8759999275208	-0.51304442508323
4.8800001144409	-0.50072199453098
4.8839998245239	-0.48867953731111
4.8880000114441	-0.47692175470250
4.8920001983643	-0.46545373122027
4.8959999084473	-0.45427664034965
4.9000000953674	-0.44339678359427
4.9039998054504	-0.43281756746110
4.9079999923706	-0.42254238909097
4.9120001792908	-0.41257280130393
4.9159998893738	-0.40291480465799
4.9200000762939	-0.39357192253082
4.9239997863770	-0.38454657401995
4.9279999732971	-0.37584232207206
4.9320001602173	-0.36746204974035
4.9359998703003	-0.35940879473819
4.9400000572205	-0.35168568283882
4.9439997673035	-0.34429536295465
4.9479999542236	-0.33724243486514
4.9520001411438	-0.33052636894765
4.9559998512268	-0.32415166467135
4.9600000381470	-0.31812128530723
4.9640002250671	-0.31243716807419
4.9679999351501	-0.30710054962525
4.9720001220703	-0.30211493515103
4.9759998321533	-0.29748140188765
4.9800000190735	-0.29320324358424
4.9840002059937	-0.28928103139096
4.9879999160767	-0.28571778332858
4.9920001029968	-0.28251330775193
4.9959998130798	-0.27967104105673
5.0000000000000	-0.27719261626621
5.0040001869202	-0.27507797065957
5.0079998970032	-0.27332828611093
5.0120000839233	-0.27194638510786
5.0159997940063	-0.27093140620718
5.0199999809265	-0.27028595227641
5.0240001678467	-0.27000968817162
5.0279998779297	-0.27010331736836
5.0320000648499	-0.27056843943041
5.0359997749329	-0.27140492605420
5.0399999618530	-0.27261149507933
5.0440001487732	-0.27419228758558
5.0479998588562	-0.27614398658690
5.0520000457764	-0.27846919991059
5.0560002326965	-0.28116460661050
5.0599999427795	-0.28423288238300
5.0640001296997	-0.28767234738786
5.0679998397827	-0.29148377206214
5.0720000267029	-0.29566450142236
5.0760002136230	-0.30021695245852
5.0799999237061	-0.30513738139089
5.0840001106262	-0.31042665483091
5.0879998207092	-0.31608373234927
5.0920000076294	-0.32210697224471
5.0960001945496	-0.32849466407191
5.0999999046326	-0.33524573543611
5.1040000915527	-0.34236007687715
5.1079998016357	-0.34983516584097
5.1119999885559	-0.35766884682820
5.1160001754761	-0.36585966915654
5.1199998855591	-0.37440560447434
5.1240000724792	-0.38330431848770
5.1279997825623	-0.39255440095743
5.1319999694824	-0.40215297564545
5.1360001564026	-0.41209769540609
5.1399998664856	-0.42238801038944
5.1440000534058	-0.43301842976597
5.1479997634888	-0.44398658938003
5.1519999504089	-0.45529003634749
5.1560001373291	-0.46692789127696
5.1599998474121	-0.47889344221400
5.1640000343323	-0.49118464872844
5.1680002212524	-0.50379935336433
5.1719999313354	-0.51673448143726
5.1760001182556	-0.52998421680004
5.1799998283386	-0.54354440279214
5.1840000152588	-0.55741517537706
5.1880002021790	-0.57158970409794
5.1919999122620	-0.58606210042721
5.1960000991821	-0.60083180854934
5.1999998092651	-0.61589477586757
5.2039999961853	-0.63124262972765
5.2080001831055	-0.64687284040284
5.2119998931885	-0.66278207463456
5.2160000801086	-0.67896348517135
5.2199997901917	-0.69541419927030
5.2239999771118	-0.71212830842846
5.2280001640320	-0.72909987544230
5.2319998741150	-0.74632319960481
5.2360000610352	-0.76379611268200
5.2399997711182	-0.78151067736691
5.2439999580383	-0.79945980420403
5.2480001449585	-0.81764247094411
5.2519998550415	-0.83604975266594
5.2560000419617	-0.85467526100713
5.2600002288818	-0.87351341994953
5.2639999389648	-0.89255986330069
5.2680001258850	-0.91180782530402
5.2719998359680	-0.93125014348801
5.2760000228882	-0.95088140197049
5.2800002098083	-0.97069458340542
5.2839999198914	-0.99068366556451
5.2880001068115	-1.0108422537147
5.2919998168945	-1.0311621705919
5.2960000038147	-1.0516374796697
5.3000001907349	-1.0722637836019
5.3039999008179	-1.0930298690769
5.3080000877380	-1.1139331363654
5.3119997978210	-1.1349626584452
5.3159999847412	-1.1561141262546
5.3200001716614	-1.1773805642304
5.3239998817444	-1.1987530561981
5.3280000686646	-1.2202256779481
5.3319997787476	-1.2417914889001
5.3359999656677	-1.2634430273938
5.3400001525879	-1.2851722989899
5.3439998626709	-1.3069715690721
5.3480000495911	-1.3288362806114
5.3520002365112	-1.3507557731971
5.3559999465942	-1.3727260157603
5.3600001335144	-1.3947376356880
5.3639998435974	-1.4167849998590
5.3680000305176	-1.4388585344253
5.3720002174377	-1.4609533698533
5.3759999275208	-1.4830617820769
5.3800001144409	-1.5051754340176
5.3839998245239	-1.5272877369178
5.3880000114441	-1.5493940273524
5.3920001983643	-1.5714852596987
5.3959999084473	-1.5935551630278
5.4000000953674	-1.6155962293095
5.4039998054504	-1.6376020067843
5.4079999923706	-1.6595663137721
5.4120001792908	-1.6814828332107
5.4159998893738	-1.7033450121235
5.4200000762939	-1.7251469377084
5.4239997863770	-1.7468805822403
5.4279999732971	-1.7685424498682
5.4320001602173	-1.7901263877083
5.4359998703003	-1.8116250042682
5.4400000572205	-1.8330333233946
5.4439997673035	-1.8543464042770
5.4479999542236	-1.8755593312412
5.4520001411438	-1.8966675270895
5.4559998512268	-1.9176629972470
5.4600000381470	-1.9385448992703
5.4640002250671	-1.9593054974437
5.4679999351501	-1.9799425345804
5.4720001220703	-2.0004522005632
5.4759998321533	-2.0208282890655
5.4800000190735	-2.0410688652000
5.4840002059937	-2.0611701878718
5.4879999160767	-2.0811278156983
5.4920001029968	-2.1009403724845
5.4959998130798	-2.1206044294050
5.5000000000000	-2.1401166483924
5.5040001869202	-2.1594748808359
5.5079998970032	-2.1786762358172
5.5120000839233	-2.1977205029758
5.5159997940063	-2.2166046133847
5.5199999809265	-2.2353279057563
5.5240001678467	-2.2538878132217
5.5279998779297	-2.2722829572023
5.5320000648499	-2.2905153398958
5.5359997749329	-2.3085813054161
5.5399999618530	-2.3264823857961
5.5440001487732	-2.3442165026996
5.5479998588562	-2.3617850571144
5.5520000457764	-2.3791880263533
5.5560002326965	-2.3964251446583
5.5599999427795	-2.4134982720192
5.5640001296997	-2.4304078322909
5.5679998397827	-2.4471534829128
5.5720000267029	-2.4637384618411
5.5760002136230	-2.4801611886211
5.5799999237061	-2.4964264313393
5.5840001106262	-2.5125334554969
5.5879998207092	-2.5284862600602
5.5920000076294	-2.5442843346319
5.5960001945496	-2.5599304891832
5.5999999046326	-2.5754286426237
5.6040000915527	-2.5907795349982
5.6079998016357	-2.6059850413847
5.6119999885559	-2.6210507452609
5.6160001754761	-2.6359744798059
5.6199998855591	-2.6507644423884
5.6240000724792	-2.6654176947190
5.6279997825623	-2.6799425259410
5.6319999694824	-2.6943368273725
5.6360001564026	-2.7086076081578
5.6399998664856	-2.7227549804983
5.6440000534058	-2.7367823761458
5.6479997634888	-2.7506952019855
5.6519999504089	-2.7644933709692
5.6560001373291	-2.7781795348719
5.6599998474121	-2.7917606706270
5.6640000343323	-2.8052364163410
5.6680002212524	-2.8186098842863
5.6719999313354	-2.8318831798556
5.6760001182556	-2.8450604613823
5.6799998283386	-2.8581455358172
5.6840000152588	-2.8711372072754
5.6880002021790	-2.8840415274666
5.6919999122620	-2.8968573016855
5.6960000991821	-2.9095886086995
5.6999998092651	-2.9222391010905
5.7039999961853	-2.9348085251588
5.7080001831055	-2.9472990728034
5.7119998931885	-2.9597127781500
5.7160000801086	-2.9720500099886
5.7199997901917	-2.9843159359424
5.7239999771118	-2.9965074427193
5.7280001640320	-3.0086262020939
5.7319998741150	-3.0206750954008
5.7360000610352	-3.0326548566474
5.7399997711182	-3.0445626525199
5.7439999580383	-3.0564036078482
5.7480001449585	-3.0681748313320
5.7519998550415	-3.0798758865517
5.7560000419617	-3.0915087123519
5.7600002288818	-3.1030705080205
5.7639999389648	-3.1145609080656
5.7680001258850	-3.1259816599867
5.7719998359680	-3.1373313527345
5.7760000228882	-3.1486052233378
5.7800002098083	-3.1598063739508
5.7839999198914	-3.1709299906755
5.7880001068115	-3.1819766584991
5.7919998168945	-3.1929420115041
5.7960000038147	-3.2038267863425
5.8000001907349	-3.2146276382170
5.8039999008179	-3.2253412697075
5.8080000877380	-3.2359655782170
5.8119997978210	-3.2464988558970
5.8159999847412	-3.2569374334029
5.8200001716614	-3.2672784696569
5.8239998817444	-3.2775203103349
5.8280000686646	-3.2876577826087
5.8319997787476	-3.2976887426030
5.8359999656677	-3.3076099523477
5.8400001525879	-3.3174174569497
5.8439998626709	-3.3271074055614
5.8480000495911	-3.3366780206696
5.8520002365112	-3.3461243458941
5.8559999465942	-3.3554433140814
5.8600001335144	-3.3646303111806
5.8639998435974	-3.3736845552330
5.8680000305176	-3.3825990078059
5.8720002174377	-3.3913730346259
5.8759999275208	-3.4000010394264
5.8800001144409	-3.4084813351491
5.8839998245239	-3.4168084392996
5.8880000114441	-3.4249809924153
5.8920001983643	-3.4329943827008
5.8959999084473	-3.4408469088824
5.9000000953674	-3.4485357700416
5.9039998054504	-3.4560565037320
5.9079999923706	-3.4634076929803
5.9120001792908	-3.4705865121446
5.9159998893738	-3.4775906905741
5.9200000762939	-3.4844191218663
5.9239997863770	-3.4910685044450
5.9279999732971	-3.4975364751279
5.9320001602173	-3.5038240918275
5.9359998703003	-3.5099292297891
5.9400000572205	-3.5158503865165
5.9439997673035	-3.5215869493578
5.9479999542236	-3.5271380499564
5.9520001411438	-3.5325055852488
5.9559998512268	-3.5376869249978
5.9600000381470	-3.5426850479842
5.9640002250671	-3.5474990891047
5.9679999351501	-3.5521292595137
5.9720001220703	-3.5565796490454
5.9759998321533	-3.5608498029479
5.9800000190735	-3.5649421692264
5.9840002059937	-3.5688593928036
5.9879999160767	-3.5726014084526
5.9920001029968	-3.5761755792709
5.9959998130798	-3.5795817581139
6.0000000000000	-3.5828247342335
