        Frequency / GHz                S2,1 (h_su1=0.9)/abs,dB
----------------------------------------------------------------------
                       2                     -0.14358322
                    2.01                      -0.1472459
                    2.02                      -0.1502991
                    2.03                     -0.15268875
                    2.04                     -0.15438688
                    2.05                     -0.15539355
               2.0599999                     -0.15573238
               2.0699999                     -0.15545358
               2.0799999                     -0.15462869
               2.0899999                     -0.15334839
               2.0999999                     -0.15171879
               2.1099999                     -0.14985784
               2.1199999                     -0.14788865
               2.1300001                      -0.1459371
               2.1400001                     -0.14412599
               2.1500001                     -0.14257225
               2.1600001                     -0.14138134
               2.1700001                     -0.14064294
               2.1800001                     -0.14043083
               2.1900001                      -0.1407992
                     2.2                     -0.14178004
                    2.21                     -0.14338458
                    2.22                     -0.14560185
                    2.23                     -0.14839871
                    2.24                     -0.15172542
                    2.25                     -0.15551102
                    2.26                     -0.15967242
                    2.27                     -0.16411398
                    2.28                     -0.16873269
                    2.29                     -0.17342021
                     2.3                     -0.17806973
               2.3099999                     -0.18257664
               2.3199999                     -0.18684377
               2.3299999                     -0.19078526
               2.3399999                     -0.19432867
               2.3499999                     -0.19741712
               2.3599999                     -0.20001404
               2.3699999                     -0.20209882
               2.3800001                     -0.20367382
               2.3900001                     -0.20475755
               2.4000001                     -0.20538886
               2.4100001                      -0.2056233
               2.4200001                     -0.20552925
               2.4300001                     -0.20518682
               2.4400001                     -0.20468527
                    2.45                     -0.20411921
                    2.46                     -0.20358379
                    2.47                     -0.20317267
                    2.48                     -0.20297391
                    2.49                     -0.20306674
                     2.5                     -0.20352146
                    2.51                     -0.20439312
                    2.52                     -0.20572174
                    2.53                     -0.20753296
                    2.54                     -0.20983355
                    2.55                     -0.21261341
               2.5599999                     -0.21584862
               2.5699999                     -0.21949675
               2.5799999                     -0.22350423
               2.5899999                     -0.22780527
               2.5999999                     -0.23232331
               2.6099999                      -0.2369796
               2.6199999                     -0.24168726
               2.6300001                     -0.24636289
               2.6400001                     -0.25092486
               2.6500001                     -0.25529701
               2.6600001                     -0.25941133
               2.6700001                     -0.26321114
               2.6800001                     -0.26665292
               2.6900001                     -0.26970633
                     2.7                     -0.27235708
                    2.71                     -0.27460816
                    2.72                     -0.27647411
                    2.73                     -0.27798685
                    2.74                     -0.27919116
                    2.75                     -0.28014413
                    2.76                      -0.2809085
                    2.77                     -0.28155859
                    2.78                     -0.28217054
                    2.79                     -0.28282206
                     2.8                     -0.28359014
               2.8099999                     -0.28454531
               2.8199999                     -0.28575469
               2.8299999                     -0.28727459
               2.8399999                     -0.28915114
               2.8499999                     -0.29141698
               2.8599999                     -0.29409319
               2.8699999                     -0.29718544
               2.8800001                     -0.30068663
               2.8900001                     -0.30457485
               2.9000001                      -0.3088163
               2.9100001                     -0.31336616
               2.9200001                     -0.31816882
               2.9300001                     -0.32316177
               2.9400001                     -0.32827617
                    2.95                     -0.33344241
                    2.96                     -0.33858733
                    2.97                     -0.34364325
                    2.98                     -0.34854574
                    2.99                     -0.35323733
                       3                      -0.3576706
                    3.01                     -0.36180794
                    3.02                     -0.36562444
                    3.03                     -0.36910805
                    3.04                     -0.37226115
                    3.05                     -0.37509738
               3.0599999                     -0.37764437
               3.0699999                     -0.37994265
               3.0799999                     -0.38203915
               3.0899999                     -0.38399358
               3.0999999                     -0.38586934
               3.1099999                     -0.38773354
               3.1199999                     -0.38965654
               3.1300001                     -0.39170574
               3.1400001                     -0.39394639
               3.1500001                     -0.39643807
               3.1600001                      -0.3992328
               3.1700001                     -0.40237302
               3.1800001                     -0.40589005
               3.1900001                     -0.40980438
                     3.2                      -0.4141227
                    3.21                     -0.41884108
                    3.22                     -0.42394194
                    3.23                     -0.42939641
                    3.24                     -0.43516569
                    3.25                     -0.44120233
                    3.26                     -0.44745035
                    3.27                     -0.45385042
                    3.28                     -0.46033855
                    3.29                     -0.46685235
                     3.3                     -0.47332994
               3.3099999                     -0.47971328
               3.3199999                     -0.48595191
               3.3299999                     -0.49200212
               3.3399999                     -0.49783211
               3.3499999                     -0.50341976
               3.3599999                     -0.50875622
               3.3699999                     -0.51384557
               3.3800001                     -0.51870259
               3.3900001                     -0.52335637
               3.4000001                     -0.52784672
               3.4100001                     -0.53222375
               3.4200001                     -0.53654595
               3.4300001                     -0.54087802
               3.4400001                     -0.54528831
                    3.45                     -0.54985032
                    3.46                     -0.55463472
                    3.47                     -0.55970945
                    3.48                     -0.56514064
                    3.49                     -0.57098439
                     3.5                     -0.57728973
                    3.51                      -0.5840977
                    3.52                     -0.59143497
                    3.53                     -0.59931929
                    3.54                     -0.60775446
                    3.55                     -0.61673478
               3.5599999                     -0.62624005
               3.5699999                     -0.63624447
               3.5799999                     -0.64670914
               3.5899999                     -0.65758966
               3.5999999                     -0.66883844
               3.6099999                     -0.68040088
               3.6199999                     -0.69222551
               3.6300001                     -0.70426166
               3.6400001                     -0.71646297
               3.6500001                     -0.72879018
               3.6600001                     -0.74121074
               3.6700001                     -0.75370647
               3.6800001                     -0.76626964
               3.6900001                     -0.77890674
                     3.7                     -0.79163921
                    3.71                      -0.8045018
                    3.72                     -0.81754586
                    3.73                      -0.8308334
                    3.74                     -0.84444461
                    3.75                     -0.85846709
                    3.76                     -0.87299928
                    3.77                     -0.88814838
                    3.78                     -0.90402599
                    3.79                     -0.92074832
                     3.8                     -0.93843222
               3.8099999                     -0.95719109
               3.8199999                     -0.97713718
               3.8299999                     -0.99837796
               3.8399999                       -1.021012
               3.8499999                        -1.04513
               3.8599999                      -1.0708152
               3.8699999                      -1.0981397
               3.8800001                      -1.1271694
               3.8900001                      -1.1579588
               3.9000001                      -1.1905564
               3.9100001                      -1.2250065
               3.9200001                      -1.2613472
               3.9300001                      -1.2996188
               3.9400001                      -1.3398626
                    3.95                       -1.382123
                    3.96                      -1.4264575
                    3.97                      -1.4729336
                    3.98                      -1.5216347
                    3.99                       -1.572666
                       4                      -1.6261555
               4.0100002                      -1.6822573
                    4.02                      -1.7411567
               4.0300002                      -1.8030717
                    4.04                      -1.8682551
               4.0500002                      -1.9369967
               4.0599999                      -2.0096245
               4.0700002                       -2.086507
               4.0799999                      -2.1680519
               4.0900002                       -2.254708
               4.0999999                      -2.3469643
               4.1100001                      -2.4453497
               4.1199999                      -2.5504325
               4.1300001                      -2.6628205
               4.1399999                      -2.7831633
               4.1500001                      -2.9121473
               4.1599998                      -3.0505027
               4.1700001                      -3.1989973
               4.1799998                      -3.3584451
               4.1900001                      -3.5297092
               4.1999998                      -3.7137001
                    4.21                      -3.9113853
               4.2199998                      -4.1237991
                    4.23                       -4.352045
               4.2399998                      -4.5973123
                    4.25                      -4.8608896
               4.2600002                      -5.1441778
                    4.27                      -5.4487192
               4.2800002                      -5.7762214
                    4.29                      -6.1285863
               4.3000002                      -6.5079624
               4.3099999                      -6.9167926
               4.3200002                      -7.3578843
               4.3299999                      -7.8345002
               4.3400002                      -8.3504746
               4.3499999                      -8.9103713
               4.3600001                      -9.5196922
               4.3699999                       -10.18517
               4.3800001                      -10.915169
               4.3899999                       -11.72028
               4.4000001                      -12.614171
               4.4099998                      -13.614894
               4.4200001                      -14.746909
               4.4299998                      -16.044346
               4.4400001                      -17.556323
               4.4499998                      -19.355535
                    4.46                       -21.54966
               4.4699998                      -24.274926
                    4.48                      -27.477616
               4.4899998                      -29.530118
                     4.5                      -27.770245
               4.5100002                       -24.68183
                    4.52                      -22.043608
               4.5300002                      -19.942411
                    4.54                      -18.242253
               4.5500002                      -16.832989
               4.5599999                      -15.640012
               4.5700002                      -14.612885
               4.5799999                      -13.716552
               4.5900002                      -12.925849
               4.5999999                      -12.222179
               4.6100001                      -11.591416
               4.6199999                      -11.022585
               4.6300001                      -10.506976
               4.6399999                      -10.037554
               4.6500001                      -9.6085432
               4.6599998                      -9.2151352
               4.6700001                      -8.8532746
               4.6799998                      -8.5195093
               4.6900001                      -8.2108638
               4.6999998                      -7.9247585
                    4.71                       -7.658937
               4.7199998                      -7.4114182
                    4.73                      -7.1804506
               4.7399998                      -6.9644826
                    4.75                      -6.7621336
               4.7600002                      -6.5721745
                    4.77                      -6.3935113
               4.7800002                      -6.2251657
                    4.79                      -6.0662688
               4.8000002                      -5.9160447
               4.8099999                      -5.7738046
               4.8200002                      -5.6389376
               4.8299999                      -5.5109007
               4.8400002                       -5.389216
               4.8499999                      -5.2734562
               4.8600001                      -5.1632468
               4.8699999                      -5.0582548
               4.8800001                      -4.9581861
               4.8899999                      -4.8627772
               4.9000001                      -4.7717908
               4.9099998                      -4.6850167
               4.9200001                      -4.6022571
               4.9299998                      -4.5233327
               4.9400001                      -4.4480761
               4.9499998                      -4.3763258
                    4.96                      -4.3079282
               4.9699998                      -4.2427349
                    4.98                      -4.1805994
               4.9899998                      -4.1213773
                       5                      -4.0649232
               5.0100002                      -4.0110963
                    5.02                      -3.9597541
               5.0300002                      -3.9107555
                    5.04                      -3.8639607
               5.0500002                      -3.8192343
               5.0599999                      -3.7764411
               5.0700002                      -3.7354527
               5.0799999                      -3.6961443
               5.0900002                      -3.6583979
               5.0999999                      -3.6221027
               5.1100001                      -3.5871557
               5.1199999                      -3.5534619
               5.1300001                      -3.5209375
               5.1399999                      -3.4895049
               5.1500001                      -3.4590999
               5.1599998                      -3.4296646
               5.1700001                      -3.4011519
               5.1799998                      -3.3735245
               5.1900001                      -3.3467514
               5.1999998                      -3.3208099
                    5.21                      -3.2956834
               5.2199998                      -3.2713605
                    5.23                       -3.247834
               5.2399998                      -3.2250996
                    5.25                       -3.203155
               5.2600002                      -3.1819974
                    5.27                      -3.1616273
               5.2800002                      -3.1420399
                    5.29                      -3.1232299
               5.3000002                      -3.1051884
               5.3099999                      -3.0879045
               5.3200002                      -3.0713643
               5.3299999                      -3.0555483
               5.3400002                      -3.0404343
               5.3499999                      -3.0259957
               5.3600001                      -3.0122048
               5.3699999                      -2.9990278
               5.3800001                      -2.9864318
               5.3899999                      -2.9743804
               5.4000001                      -2.9628375
               5.4099998                       -2.951766
               5.4200001                      -2.9411308
               5.4299998                      -2.9308971
               5.4400001                       -2.921031
               5.4499998                      -2.9115031
                    5.46                      -2.9022889
               5.4699998                      -2.8933627
                    5.48                      -2.8847074
               5.4899998                      -2.8763082
                     5.5                      -2.8681535
               5.5100002                      -2.8602368
                    5.52                      -2.8525557
               5.5300002                      -2.8451117
                    5.54                      -2.8379092
               5.5500002                      -2.8309527
               5.5599999                      -2.8242531
               5.5700002                      -2.8178189
               5.5799999                      -2.8116614
               5.5900002                      -2.8057915
               5.5999999                      -2.8002195
               5.6100001                      -2.7949541
               5.6199999                      -2.7900042
               5.6300001                      -2.7853737
               5.6399999                      -2.7810665
               5.6500001                       -2.777084
               5.6599998                      -2.7734231
               5.6700001                      -2.7700792
               5.6799998                       -2.767043
               5.6900001                      -2.7643059
               5.6999998                      -2.7618551
                    5.71                      -2.7596756
               5.7199998                      -2.7577516
                    5.73                      -2.7560644
               5.7399998                      -2.7545983
                    5.75                       -2.753334
               5.7600002                      -2.7522537
                    5.77                      -2.7513416
               5.7800002                      -2.7505814
                    5.79                      -2.7499613
               5.8000002                      -2.7494679
               5.8099999                      -2.7490933
               5.8200002                      -2.7488299
               5.8299999                      -2.7486754
               5.8400002                       -2.748627
               5.8499999                       -2.748685
               5.8600001                      -2.7488558
               5.8699999                      -2.7491415
               5.8800001                      -2.7495526
               5.8899999                      -2.7500943
               5.9000001                      -2.7507794
               5.9099998                      -2.7516164
               5.9200001                      -2.7526161
               5.9299998                      -2.7537902
               5.9400001                      -2.7551454
               5.9499998                      -2.7566919
                    5.96                      -2.7584362
               5.9699998                      -2.7603839
                    5.98                      -2.7625386
               5.9899998                      -2.7649006
                       6                      -2.7674707
               6.0100002                      -2.7702444
                    6.02                      -2.7732178
               6.0300002                      -2.7763858
                    6.04                      -2.7797386
               6.0500002                       -2.783268
               6.0599999                      -2.7869636
               6.0700002                       -2.790814
               6.0799999                      -2.7948071
               6.0900002                      -2.7989342
               6.0999999                      -2.8031825
               6.1100001                      -2.8075433
               6.1199999                       -2.812008
               6.1300001                      -2.8165672
               6.1399999                      -2.8212181
               6.1500001                      -2.8259555
               6.1599998                      -2.8307765
               6.1700001                      -2.8356819
               6.1799998                      -2.8406721
               6.1900001                      -2.8457516
               6.1999998                      -2.8509249
                    6.21                      -2.8561986
               6.2199998                      -2.8615788
                    6.23                      -2.8670757
               6.2399998                      -2.8726974
                    6.25                      -2.8784524
               6.2600002                      -2.8843492
                    6.27                      -2.8903985
               6.2800002                      -2.8966063
                    6.29                       -2.902979
               6.3000002                      -2.9095238
               6.3099999                      -2.9162429
               6.3200002                      -2.9231406
               6.3299999                      -2.9302171
               6.3400002                      -2.9374725
               6.3499999                      -2.9449035
               6.3600001                      -2.9525075
               6.3699999                        -2.96028
               6.3800001                      -2.9682141
               6.3899999                      -2.9763045
               6.4000001                      -2.9845408
               6.4099998                      -2.9929188
               6.4200001                      -3.0014294
               6.4299998                      -3.0100644
               6.4400001                      -3.0188164
               6.4499998                       -3.027681
                    6.46                      -3.0366511
               6.4699998                      -3.0457239
                    6.48                      -3.0548957
               6.4899998                      -3.0641659
                     6.5                      -3.0735337
               6.5100002                      -3.0830031
                    6.52                      -3.0925747
               6.5300002                      -3.1022543
                    6.54                      -3.1120469
               6.5500002                      -3.1219587
               6.5599999                      -3.1319996
               6.5700002                      -3.1421749
               6.5799999                      -3.1524922
               6.5900002                      -3.1629631
               6.5999999                      -3.1735931
               6.6100001                      -3.1843899
               6.6199999                      -3.1953606
               6.6300001                      -3.2065123
               6.6399999                      -3.2178476
               6.6500001                       -3.229371
               6.6599998                      -3.2410856
               6.6700001                      -3.2529911
               6.6799998                      -3.2650891
               6.6900001                      -3.2773767
               6.6999998                      -3.2898517
                    6.71                       -3.302511
               6.7199998                      -3.3153486
                    6.73                      -3.3283628
               6.7399998                      -3.3415455
                    6.75                      -3.3548931
               6.7600002                      -3.3683986
                    6.77                      -3.3820581
               6.7800002                       -3.395868
                    6.79                      -3.4098226
               6.8000002                      -3.4239217
               6.8099999                      -3.4381616
               6.8200002                      -3.4525431
               6.8299999                      -3.4670668
               6.8400002                       -3.481735
               6.8499999                      -3.4965511
               6.8600001                      -3.5115195
               6.8699999                      -3.5266475
               6.8800001                      -3.5419387
               6.8899999                      -3.5574039
               6.9000001                      -3.5730482
               6.9099998                      -3.5888823
               6.9200001                      -3.6049132
               6.9299998                       -3.621151
               6.9400001                      -3.6376022
               6.9499998                      -3.6542749
                    6.96                      -3.6711767
               6.9699998                      -3.6883137
                    6.98                      -3.7056904
               6.9899998                      -3.7233124
                       7                      -3.7411809
               7.0100002                      -3.7593002
                    7.02                      -3.7776689
               7.0300002                      -3.7962883
                    7.04                      -3.8151579
               7.0500002                      -3.8342755
               7.0599999                      -3.8536384
               7.0700002                      -3.8732454
               7.0799999                      -3.8930924
               7.0900002                      -3.9131774
               7.0999999                      -3.9334977
               7.1100001                      -3.9540511
               7.1199999                      -3.9748359
               7.1300001                      -3.9958535
               7.1399999                      -4.0171023
               7.1500001                      -4.0385846
               7.1599998                      -4.0603024
               7.1700001                      -4.0822603
               7.1799998                      -4.1044635
               7.1900001                      -4.1269176
               7.1999998                        -4.14963
                    7.21                      -4.1726093
               7.2199998                      -4.1958646
                    7.23                      -4.2194051
               7.2399998                      -4.2432419
                    7.25                      -4.2673854
               7.2600002                      -4.2918475
                    7.27                      -4.3166364
               7.2800002                      -4.3417652
                    7.29                      -4.3672415
               7.3000002                      -4.3930764
               7.3099999                      -4.4192781
               7.3200002                      -4.4458539
               7.3299999                      -4.4728106
               7.3400002                       -4.500155
               7.3499999                      -4.5278917
               7.3600001                      -4.5560251
               7.3699999                       -4.584559
               7.3800001                      -4.6134961
               7.3899999                       -4.642837
               7.4000001                      -4.6725866
               7.4099998                      -4.7027437
               7.4200001                      -4.7333124
               7.4299998                      -4.7642921
               7.4400001                      -4.7956886
               7.4499998                      -4.8275019
                    7.46                      -4.8597381
               7.4699998                      -4.8924003
                    7.48                      -4.9254965
               7.4899998                      -4.9590316
                     7.5                      -4.9930169
               7.5100002                      -5.0274594
                    7.52                      -5.0623716
               7.5300002                      -5.0977662
                    7.54                      -5.1336548
               7.5500002                      -5.1700548
               7.5599999                      -5.2069805
               7.5700002                      -5.2444477
               7.5799999                      -5.2824746
               7.5900002                      -5.3210799
               7.5999999                      -5.3602784
               7.6100001                      -5.4000904
               7.6199999                      -5.4405345
               7.6300001                      -5.4816267
               7.6399999                      -5.5233834
               7.6500001                      -5.5658242
               7.6599998                      -5.6089639
               7.6700001                      -5.6528175
               7.6799998                      -5.6974021
               7.6900001                      -5.7427301
               7.6999998                      -5.7888162
                    7.71                       -5.835674
               7.7199998                      -5.8833164
                    7.73                       -5.931759
               7.7399998                      -5.9810105
                    7.75                      -6.0310878
               7.7600002                      -6.0820043
                    7.77                      -6.1337742
               7.7800002                      -6.1864136
                    7.79                      -6.2399391
               7.8000002                      -6.2943699
               7.8099999                      -6.3497241
               7.8200002                       -6.406025
               7.8299999                       -6.463295
               7.8400002                        -6.52156
               7.8499999                      -6.5808481
               7.8600001                      -6.6411877
               7.8699999                      -6.7026108
               7.8800001                      -6.7651517
               7.8899999                      -6.8288448
               7.9000001                      -6.8937296
               7.9099998                      -6.9598437
               7.9200001                      -7.0272289
               7.9299998                       -7.095927
               7.9400001                      -7.1659829
               7.9499998                      -7.2374394
                    7.96                      -7.3103447
               7.9699998                      -7.3847454
                    7.98                      -7.4606889
               7.9899998                      -7.5382244
                       8                      -7.6174002
               8.0100002                      -7.6982684
               8.0200005                      -7.7808793
               8.0299997                      -7.8652857
                    8.04                        -7.95154
               8.0500002                       -8.039699
               8.0600004                      -8.1298178
               8.0699997                      -8.2219562
               8.0799999                      -8.3161752
               8.0900002                      -8.4125368
               8.1000004                      -8.5111093
               8.1099997                      -8.6119642
               8.1199999                      -8.7151742
               8.1300001                      -8.8208188
               8.1400003                      -8.9289826
               8.1499996                      -9.0397544
               8.1599998                      -9.1532321
               8.1700001                      -9.2695167
               8.1800003                      -9.3887157
               8.1899996                      -9.5109484
               8.1999998                      -9.6363373
                    8.21                      -9.7650185
               8.2200003                      -9.8971305
               8.2299995                      -10.032828
               8.2399998                      -10.172271
                    8.25                      -10.315631
               8.2600002                      -10.463091
               8.2700005                      -10.614847
               8.2799997                      -10.771103
                    8.29                      -10.932083
               8.3000002                      -11.098018
               8.3100004                       -11.26916
               8.3199997                      -11.445772
               8.3299999                      -11.628139
               8.3400002                      -11.816566
               8.3500004                      -12.011374
               8.3599997                      -12.212915
               8.3699999                       -12.42156
               8.3800001                      -12.637714
               8.3900003                      -12.861813
               8.3999996                      -13.094329
               8.4099998                      -13.335775
               8.4200001                      -13.586712
               8.4300003                       -13.84775
               8.4399996                      -14.119561
               8.4499998                      -14.402881
                    8.46                      -14.698522
               8.4700003                      -15.007385
               8.4799995                      -15.330468
               8.4899998                      -15.668876
                     8.5                      -16.023845
               8.5100002                      -16.396755
               8.5200005                      -16.789147
               8.5299997                      -17.202747
                    8.54                      -17.639488
               8.5500002                      -18.101534
               8.5600004                      -18.591292
               8.5699997                      -19.111431
               8.5799999                      -19.664865
               8.5900002                      -20.254713
               8.6000004                      -20.884164
               8.6099997                      -21.556232
               8.6199999                      -22.273228
               8.6300001                      -23.035785
               8.6400003                      -23.841057
               8.6499996                      -24.679536
               8.6599998                      -25.529798
               8.6700001                      -26.350881
               8.6800003                      -27.074474
               8.6899996                      -27.605005
               8.6999998                      -27.841692
                    8.71                      -27.724927
               8.7200003                      -27.273412
               8.7299995                      -26.571809
               8.7399998                      -25.723197
                    8.75                      -24.811946
               8.7600002                      -23.893296
               8.7700005                      -22.998358
               8.7799997                      -22.142406
                    8.79                      -21.331464
               8.8000002                       -20.56655
               8.8100004                      -19.846146
               8.8199997                      -19.167573
               8.8299999                      -18.527721
               8.8400002                      -17.923436
               8.8500004                      -17.351706
               8.8599997                      -16.809743
               8.8699999                      -16.295013
               8.8800001                      -15.805231
               8.8900003                      -15.338353
               8.8999996                      -14.892546
               8.9099998                      -14.466177
               8.9200001                      -14.057781
               8.9300003                      -13.666051
               8.9399996                      -13.289813
               8.9499998                      -12.928011
                    8.96                      -12.579697
               8.9700003                      -12.244013
               8.9799995                      -11.920187
               8.9899998                      -11.607515
                       9                      -11.305363
               9.0100002                      -11.013152
               9.0200005                      -10.730354
               9.0299997                      -10.456486
                    9.04                      -10.191108
               9.0500002                      -9.9338159
               9.0600004                      -9.6842376
               9.0699997                       -9.442032
               9.0799999                      -9.2068823
               9.0900002                      -8.9784966
               9.1000004                      -8.7566042
               9.1099997                      -8.5409536
               9.1199999                      -8.3313098
               9.1300001                      -8.1274518
               9.1400003                      -7.9291767
               9.1499996                       -7.736289
               9.1599998                      -7.5486068
               9.1700001                      -7.3659587
               9.1800003                      -7.1881805
               9.1899996                      -7.0151176
               9.1999998                      -6.8466227
                    9.21                       -6.682555
               9.2200003                      -6.5227792
               9.2299995                      -6.3671665
               9.2399998                      -6.2155929
                    9.25                      -6.0679401
               9.2600002                      -5.9240938
               9.2700005                      -5.7839439
               9.2799997                      -5.6473838
                    9.29                      -5.5143131
               9.3000002                      -5.3846317
               9.3100004                      -5.2582474
               9.3199997                      -5.1350685
               9.3299999                      -5.0150065
               9.3400002                      -4.8979791
               9.3500004                      -4.7839043
               9.3599997                      -4.6727059
               9.3699999                      -4.5643082
               9.3800001                      -4.4586406
               9.3900003                      -4.3556339
               9.3999996                      -4.2552233
               9.4099998                      -4.1573442
               9.4200001                       -4.061936
               9.4300003                      -3.9689403
               9.4399996                      -3.8783012
               9.4499998                      -3.7899627
                    9.46                      -3.7038741
               9.4700003                      -3.6199825
               9.4799995                      -3.5382385
               9.4899998                      -3.4585939
                     9.5                      -3.3810005
               9.5100002                      -3.3054126
               9.5200005                       -3.231785
               9.5299997                      -3.1600708
                    9.54                      -3.0902259
               9.5500002                      -3.0222074
               9.5600004                      -2.9559704
               9.5699997                      -2.8914729
               9.5799999                      -2.8286704
               9.5900002                      -2.7675211
               9.6000004                       -2.707983
               9.6099997                      -2.6500139
               9.6199999                       -2.593573
               9.6300001                      -2.5386188
               9.6400003                       -2.485113
               9.6499996                      -2.4330141
               9.6599998                      -2.3822856
               9.6700001                      -2.3328885
               9.6800003                      -2.2847864
               9.6899996                      -2.2379441
               9.6999998                      -2.1923261
                    9.71                      -2.1479012
               9.7200003                      -2.1046369
               9.7299995                      -2.0625018
               9.7399998                      -2.0214666
                    9.75                      -1.9815054
               9.7600002                      -1.9425891
               9.7700005                      -1.9046936
               9.7799997                      -1.8677941
                    9.79                      -1.8318688
               9.8000002                      -1.7968937
               9.8100004                      -1.7628487
               9.8199997                      -1.7297133
               9.8299999                      -1.6974672
               9.8400002                      -1.6660904
               9.8500004                      -1.6355657
               9.8599997                      -1.6058737
               9.8699999                      -1.5769955
               9.8800001                      -1.5489132
               9.8900003                      -1.5216081
               9.8999996                      -1.4950618
               9.9099998                      -1.4692566
               9.9200001                      -1.4441718
               9.9300003                      -1.4197904
               9.9399996                      -1.3960928
               9.9499998                       -1.373059
                    9.96                      -1.3506712
               9.9700003                       -1.328909
               9.9799995                      -1.3077542
               9.9899998                      -1.2871882
                      10                      -1.2671911
                   10.01                      -1.2477459
                   10.02                      -1.2288342
                   10.03                      -1.2104393
                   10.04                      -1.1925455
                   10.05                      -1.1751358
                   10.06                      -1.1581968
                   10.07                      -1.1417137
                   10.08                      -1.1256752
                   10.09                      -1.1100689
                    10.1                      -1.0948828
                   10.11                      -1.0801095
                   10.12                      -1.0657369
                   10.13                      -1.0517591
                   10.14                      -1.0381679
                   10.15                      -1.0249568
                   10.16                      -1.0121195
                   10.17                     -0.99964915
                   10.18                     -0.98754083
                   10.19                      -0.9757897
                    10.2                     -0.96438978
                   10.21                     -0.95333384
                   10.22                     -0.94261795
                   10.23                     -0.93223599
                   10.24                     -0.92218083
                   10.25                     -0.91244548
                   10.26                     -0.90302161
                   10.27                     -0.89390238
                   10.28                     -0.88507997
                   10.29                     -0.87654334
                    10.3                     -0.86828516
                   10.31                     -0.86029537
                   10.32                     -0.85256337
                   10.33                     -0.84507988
                   10.34                     -0.83783543
                   10.35                     -0.83082003
                   10.36                     -0.82402324
                   10.37                     -0.81743789
                   10.38                     -0.81105389
                   10.39                     -0.80486359
                    10.4                     -0.79886069
                   10.41                     -0.79303818
                   10.42                     -0.78739006
                   10.43                      -0.7819121
                   10.44                     -0.77659981
                   10.45                     -0.77145183
                   10.46                     -0.76646433
                   10.47                     -0.76163513
                   10.48                     -0.75696558
                   10.49                     -0.75245411
                    10.5                     -0.74810024
                   10.51                     -0.74390507
                   10.52                     -0.73986877
                   10.53                     -0.73599157
                   10.54                     -0.73227384
                   10.55                     -0.72871407
                   10.56                     -0.72531372
                   10.57                     -0.72207098
                   10.58                     -0.71898352
                   10.59                     -0.71604983
                    10.6                     -0.71326623
                   10.61                     -0.71062793
                   10.62                     -0.70813283
                   10.63                     -0.70577468
                   10.64                     -0.70354671
                   10.65                     -0.70144399
                   10.66                     -0.69945992
                   10.67                     -0.69758676
                   10.68                      -0.6958179
                   10.69                      -0.6941473
                    10.7                     -0.69256829
                   10.71                     -0.69107387
                   10.72                     -0.68965826
                   10.73                     -0.68831713
                   10.74                     -0.68704539
                   10.75                     -0.68584038
                   10.76                     -0.68469776
                   10.77                     -0.68361783
                   10.78                     -0.68259832
                   10.79                     -0.68163901
                    10.8                      -0.6807414
                   10.81                     -0.67990673
                   10.82                     -0.67913754
                   10.83                     -0.67843598
                   10.84                     -0.67780466
                   10.85                     -0.67724764
                   10.86                     -0.67676719
                   10.87                     -0.67636635
                   10.88                      -0.6760492
                   10.89                     -0.67581609
                    10.9                     -0.67566954
                   10.91                     -0.67560971
                   10.92                     -0.67563795
                   10.93                     -0.67575217
                   10.94                     -0.67595162
                   10.95                     -0.67623251
                   10.96                     -0.67659218
                   10.97                     -0.67702638
                   10.98                     -0.67752968
                   10.99                     -0.67809692
                      11                     -0.67872121
                   11.01                      -0.6793971
                   11.02                     -0.68011826
                   11.03                      -0.6808777
                   11.04                     -0.68167059
                   11.05                     -0.68248976
                   11.06                     -0.68333045
                   11.07                     -0.68418987
                   11.08                     -0.68506356
                   11.09                     -0.68594995
                    11.1                     -0.68684555
                   11.11                     -0.68775232
                   11.12                     -0.68866999
                   11.13                      -0.6896006
                   11.14                     -0.69054613
                   11.15                     -0.69151109
                   11.16                      -0.6924983
                   11.17                     -0.69351277
                   11.18                     -0.69455976
                   11.19                     -0.69564415
                    11.2                     -0.69676996
                   11.21                     -0.69794304
                   11.22                     -0.69916707
                   11.23                     -0.70044527
                   11.24                     -0.70177938
                   11.25                      -0.7031732
                   11.26                     -0.70462509
                   11.27                     -0.70613608
                   11.28                     -0.70770336
                   11.29                     -0.70932628
                    11.3                     -0.71099839
                   11.31                     -0.71271708
                   11.32                      -0.7144752
                   11.33                     -0.71626744
                   11.34                     -0.71808667
                   11.35                     -0.71992732
                   11.36                     -0.72177991
                   11.37                     -0.72363928
                   11.38                     -0.72549905
                   11.39                     -0.72735321
                    11.4                     -0.72919547
                   11.41                     -0.73102375
                   11.42                     -0.73283438
                   11.43                     -0.73462606
                   11.44                     -0.73639665
                   11.45                     -0.73814901
                   11.46                     -0.73988436
                   11.47                     -0.74160666
                   11.48                     -0.74331944
                   11.49                     -0.74502731
                    11.5                     -0.74673823
                   11.51                     -0.74845665
                   11.52                     -0.75019041
                   11.53                     -0.75194598
                   11.54                      -0.7537297
                   11.55                     -0.75554778
                   11.56                      -0.7574062
                   11.57                     -0.75930805
                   11.58                     -0.76125623
                   11.59                     -0.76325426
                    11.6                      -0.7653024
                   11.61                     -0.76739908
                   11.62                     -0.76954294
                   11.63                     -0.77172959
                   11.64                     -0.77395519
                   11.65                     -0.77621327
                   11.66                     -0.77849734
                   11.67                     -0.78079891
                   11.68                     -0.78311038
                   11.69                     -0.78542378
                    11.7                     -0.78773065
                   11.71                     -0.79002244
                   11.72                     -0.79229323
                   11.73                     -0.79453518
                   11.74                     -0.79674411
                   11.75                     -0.79891515
                   11.76                     -0.80104608
                   11.77                     -0.80313647
                   11.78                      -0.8051853
                   11.79                     -0.80719713
                    11.8                     -0.80917387
                   11.81                     -0.81112091
                   11.82                     -0.81304496
                   11.83                     -0.81495255
                   11.84                      -0.8168539
                   11.85                     -0.81875549
                   11.86                     -0.82066624
                   11.87                     -0.82259667
                   11.88                     -0.82455338
                   11.89                     -0.82654428
                    11.9                     -0.82857483
                   11.91                     -0.83065181
                   11.92                      -0.8327775
                   11.93                     -0.83495342
                   11.94                     -0.83718156
                   11.95                     -0.83945925
                   11.96                     -0.84178207
                   11.97                     -0.84414717
                   11.98                     -0.84654641
                   11.99                     -0.84897193
                      12                     -0.85141539

