        Frequency / GHz                S2,1/abs,dB
----------------------------------------------------------------------
                       2                      -0.1786561
               2.0079999                     -0.18322008
                   2.016                     -0.18805667
               2.0239999                     -0.19311152
               2.0320001                     -0.19832639
                    2.04                     -0.20363894
               2.0480001                     -0.20898705
                   2.056                     -0.21430854
               2.0639999                     -0.21954183
                   2.072                      -0.2246306
               2.0799999                      -0.2295195
               2.0880001                     -0.23416096
                   2.096                     -0.23851314
               2.1040001                     -0.24254187
                   2.112                     -0.24621999
               2.1199999                     -0.24952987
                   2.128                      -0.2524644
               2.1359999                     -0.25502514
               2.1440001                     -0.25722069
                   2.152                     -0.25907231
               2.1600001                     -0.26060896
                   2.168                     -0.26186645
               2.1760001                      -0.2628902
                   2.184                     -0.26372944
               2.1919999                     -0.26444075
                     2.2                     -0.26508566
               2.2079999                     -0.26572516
               2.2160001                      -0.2664248
                   2.224                      -0.2672487
               2.2320001                      -0.2682601
                    2.24                     -0.26952099
               2.2479999                     -0.27108808
                   2.256                     -0.27301264
               2.2639999                     -0.27534188
               2.2720001                     -0.27811475
                    2.28                     -0.28136258
               2.2880001                     -0.28510914
                   2.296                     -0.28936809
               2.3039999                     -0.29414543
                   2.312                     -0.29943696
               2.3199999                     -0.30523064
               2.3280001                     -0.31150447
                   2.336                     -0.31822856
               2.3440001                     -0.32536674
                   2.352                      -0.3328735
               2.3599999                     -0.34070035
                   2.368                     -0.34879155
               2.3759999                     -0.35708933
               2.3840001                     -0.36553436
                   2.392                     -0.37406429
               2.4000001                     -0.38262013
                   2.408                     -0.39114239
               2.4159999                     -0.39957644
                   2.424                     -0.40787298
               2.4319999                     -0.41598708
               2.4400001                     -0.42388286
                   2.448                     -0.43153125
               2.4560001                     -0.43891378
                   2.464                     -0.44601949
               2.4719999                     -0.45285079
                    2.48                     -0.45941835
               2.4879999                     -0.46574352
               2.4960001                     -0.47185917
               2.5039999                     -0.47780402
               2.5120001                     -0.48363156
                    2.52                      -0.4894002
               2.5280001                      -0.4951749
                   2.536                     -0.50102857
               2.5439999                     -0.50703712
                   2.552                     -0.51328132
               2.5599999                     -0.51984292
               2.5680001                     -0.52680331
                   2.576                     -0.53424404
               2.5840001                     -0.54224286
                   2.592                     -0.55087434
               2.5999999                     -0.56020722
                   2.608                     -0.57030446
               2.6159999                     -0.58122065
               2.6240001                     -0.59300205
                   2.632                      -0.6056872
               2.6400001                     -0.61930208
                   2.648                     -0.63386717
               2.6559999                      -0.6493894
                   2.664                     -0.66586772
               2.6719999                     -0.68329135
               2.6800001                     -0.70164039
                   2.688                     -0.72088842
               2.6960001                     -0.74099947
                   2.704                     -0.76193539
               2.7119999                     -0.78365252
                    2.72                     -0.80610259
               2.7279999                     -0.82924079
               2.7360001                     -0.85301981
                   2.744                     -0.87739764
               2.7520001                     -0.90233769
                    2.76                      -0.9278077
               2.7679999                     -0.95378855
                   2.776                     -0.98026907
               2.7839999                      -1.0072537
               2.7920001                      -1.0347602
                     2.8                      -1.0628225
               2.8080001                      -1.0914924
                   2.816                       -1.120839
               2.8239999                      -1.1509524
                   2.832                      -1.1819399
               2.8399999                      -1.2139308
                   2.848                      -1.2470708
               2.8559999                      -1.2815267
               2.8640001                      -1.3174815
                   2.872                       -1.355136
               2.8800001                       -1.394707
                   2.888                      -1.4364222
               2.8959999                      -1.4805249
                   2.904                      -1.5272664
               2.9119999                      -1.5769065
               2.9200001                      -1.6297101
                   2.928                      -1.6859469
               2.9360001                      -1.7458856
                   2.944                      -1.8097965
               2.9519999                       -1.877944
                    2.96                      -1.9505855
               2.9679999                      -2.0279732
               2.9760001                      -2.1103424
                   2.984                      -2.1979178
               2.9920001                      -2.2909035
                       3                      -2.3894858
               3.0079999                      -2.4938225
                   3.016                      -2.6040468
               3.0239999                      -2.7202555
               3.0320001                       -2.842511
                    3.04                      -2.9708299
               3.0480001                      -3.1051791
                   3.056                      -3.2454734
               3.0639999                        -3.39156
                   3.072                      -3.5432151
               3.0799999                      -3.7001341
               3.0880001                      -3.8619205
                   3.096                       -4.028075
               3.1040001                      -4.1979883
                   3.112                      -4.3709209
               3.1199999                      -4.5460061
                   3.128                      -4.7222264
               3.1359999                      -4.8984177
               3.1440001                        -5.07326
                   3.152                      -5.2452838
               3.1600001                       -5.412872
                   3.168                      -5.5742865
               3.1760001                      -5.7276897
                   3.184                      -5.8711826
               3.1919999                      -6.0028572
                     3.2                      -6.1208599
               3.2079999                      -6.2234529
               3.2160001                      -6.3090945
                   3.224                      -6.3765056
               3.2320001                      -6.4247369
                    3.24                      -6.4532157
               3.2479999                      -6.4617804
                   3.256                      -6.4506836
               3.2639999                      -6.4205822
               3.2720001                      -6.3724944
                    3.28                      -6.3077482
               3.2880001                      -6.2279117
                   3.296                      -6.1347221
               3.3039999                      -6.0300124
                   3.312                      -5.9156466
               3.3199999                      -5.7934593
               3.3280001                      -5.6652141
                   3.336                      -5.5325625
               3.3440001                       -5.397028
                   3.352                      -5.2599816
               3.3599999                       -5.122647
                   3.368                      -4.9860902
               3.3759999                       -4.851231
               3.3840001                      -4.7188493
                   3.392                      -4.5895922
               3.4000001                      -4.4639892
                   3.408                      -4.3424619
               3.4159999                      -4.2253332
                   3.424                      -4.1128425
               3.4319999                      -4.0051527
               3.4400001                      -3.9023589
                   3.448                       -3.804502
               3.4560001                      -3.7115682
                   3.464                      -3.6235058
               3.4719999                      -3.5402248
                    3.48                      -3.4616022
               3.4879999                      -3.3874934
               3.4960001                      -3.3177316
               3.5039999                       -3.252131
               3.5120001                      -3.1904977
                    3.52                      -3.1326252
               3.5280001                      -3.0783015
                   3.536                      -3.0273126
               3.5439999                      -2.9794422
                   3.552                      -2.9344787
               3.5599999                      -2.8922131
               3.5680001                      -2.8524434
                   3.576                      -2.8149739
               3.5840001                      -2.7796216
                   3.592                      -2.7462129
               3.5999999                       -2.714586
                   3.608                      -2.6845936
               3.6159999                      -2.6560989
               3.6240001                       -2.628984
                   3.632                      -2.6031402
               3.6400001                      -2.5784777
                   3.648                      -2.5549157
               3.6559999                      -2.5323909
                   3.664                      -2.5108499
               3.6719999                      -2.4902531
               3.6800001                      -2.4705707
                   3.688                      -2.4517814
               3.6960001                      -2.4338751
                   3.704                      -2.4168479
               3.7119999                      -2.4007003
                    3.72                      -2.3854389
               3.7279999                      -2.3710739
               3.7360001                      -2.3576167
                   3.744                      -2.3450803
               3.7520001                      -2.3334764
                    3.76                      -2.3228169
               3.7679999                      -2.3131095
                   3.776                      -2.3043612
               3.7839999                      -2.2965736
               3.7920001                      -2.2897463
                     3.8                      -2.2838703
               3.8080001                      -2.2789371
                   3.816                      -2.2749307
               3.8239999                      -2.2718286
                   3.832                      -2.2696066
               3.8399999                      -2.2682363
                   3.848                      -2.2676815
               3.8559999                      -2.2679058
               3.8640001                      -2.2688695
                   3.872                      -2.2705288
               3.8800001                      -2.2728398
                   3.888                      -2.2757562
               3.8959999                      -2.2792328
                   3.904                      -2.2832233
               3.9119999                      -2.2876837
               3.9200001                      -2.2925696
                   3.928                      -2.2978419
               3.9360001                      -2.3034636
                   3.944                      -2.3093993
               3.9519999                      -2.3156189
                    3.96                      -2.3220977
               3.9679999                      -2.3288134
               3.9760001                      -2.3357509
                   3.984                       -2.342897
               3.9920001                      -2.3502452
                       4                      -2.3577948
               4.0079999                      -2.3655461
               4.0159998                      -2.3735069
               4.0240002                      -2.3816871
               4.0320001                      -2.3900999
                    4.04                      -2.3987618
               4.0479999                      -2.4076931
               4.0560002                      -2.4169125
               4.0640001                      -2.4264437
                   4.072                      -2.4363078
               4.0799999                      -2.4465273
               4.0879998                      -2.4571253
               4.0960002                      -2.4681224
               4.1040001                      -2.4795367
                   4.112                      -2.4913873
               4.1199999                      -2.5036885
               4.1279998                      -2.5164542
               4.1360002                      -2.5296913
               4.1440001                      -2.5434069
                   4.152                      -2.5576056
               4.1599998                      -2.5722861
               4.1680002                      -2.5874454
               4.1760001                      -2.6030781
                   4.184                      -2.6191742
               4.1919999                       -2.635722
               4.1999998                      -2.6527071
               4.2080002                      -2.6701132
               4.2160001                      -2.6879244
                   4.224                      -2.7061193
               4.2319999                      -2.7246786
               4.2399998                      -2.7435828
               4.2480001                      -2.7628116
                   4.256                      -2.7823459
               4.2639999                      -2.8021662
               4.2719998                       -2.822256
               4.2800002                      -2.8426004
               4.2880001                      -2.8631854
                   4.296                       -2.884001
               4.3039999                      -2.9050384
               4.3119998                       -2.926292
               4.3200002                      -2.9477599
               4.3280001                      -2.9694399
                   4.336                      -2.9913383
               4.3439999                      -3.0134581
               4.3520002                      -3.0358098
               4.3600001                      -3.0584037
                   4.368                      -3.0812525
               4.3759999                      -3.1043726
               4.3839998                      -3.1277798
               4.3920002                      -3.1514928
               4.4000001                      -3.1755297
                   4.408                      -3.1999092
               4.4159999                       -3.224652
               4.4239998                       -3.249779
               4.4320002                      -3.2753049
               4.4400001                      -3.3012504
                   4.448                       -3.327629
               4.4559999                      -3.3544579
               4.4640002                      -3.3817481
               4.4720001                      -3.4095105
                    4.48                      -3.4377545
               4.4879999                      -3.4664858
               4.4959998                       -3.495706
               4.5040002                      -3.5254186
               4.5120001                      -3.5556213
                    4.52                      -3.5863108
               4.5279999                       -3.617482
               4.5359998                      -3.6491279
               4.5440001                      -3.6812375
                   4.552                      -3.7138007
               4.5599999                      -3.7468062
               4.5679998                      -3.7802403
               4.5760002                      -3.8140908
               4.5840001                      -3.8483436
                   4.592                      -3.8829855
               4.5999999                      -3.9180037
               4.6079998                      -3.9533863
               4.6160002                       -3.989122
               4.6240001                      -4.0252021
                   4.632                      -4.0616174
               4.6399999                      -4.0983612
               4.6479998                      -4.1354324
               4.6560001                      -4.1728254
                   4.664                      -4.2105432
               4.6719999                       -4.248584
               4.6799998                      -4.2869562
               4.6880002                      -4.3256629
               4.6960001                      -4.3647123
                   4.704                      -4.4041165
               4.7119999                      -4.4438845
               4.7199998                      -4.4840294
               4.7280002                      -4.5245649
               4.7360001                      -4.5655044
                   4.744                      -4.6068612
               4.7519999                      -4.6486513
               4.7600002                      -4.6908858
               4.7680001                      -4.7335811
                   4.776                      -4.7767464
               4.7839999                      -4.8203937
               4.7919998                      -4.8645315
               4.8000002                      -4.9091667
               4.8080001                      -4.9543031
                   4.816                      -4.9999458
               4.8239999                      -5.0460929
               4.8319998                      -5.0927433
               4.8400002                      -5.1398911
                   4.848                      -5.1875292
               4.8559999                      -5.2356478
               4.8639998                      -5.2842326
               4.8720002                      -5.3332711
               4.8800001                      -5.3827463
                   4.888                      -5.4326366
               4.8959999                      -5.4829233
               4.9039998                       -5.533585
               4.9120002                      -5.5845981
               4.9200001                      -5.6359378
                   4.928                      -5.6875789
               4.9359999                      -5.7394994
               4.9439998                      -5.7916714
               4.9520001                      -5.8440724
                    4.96                      -5.8966783
               4.9679999                      -5.9494675
               4.9759998                      -6.0024161
               4.9840002                      -6.0555039
               4.9920001                      -6.1087115
                       5                      -6.1620212
               5.0079999                      -6.2154173
               5.0159998                      -6.2688817
               5.0240002                      -6.3224027
               5.0320001                      -6.3759649
                    5.04                      -6.4295573
               5.0479999                      -6.4831671
               5.0560002                       -6.536783
               5.0640001                      -6.5903946
                   5.072                      -6.6439892
               5.0799999                       -6.697553
               5.0879998                      -6.7510738
               5.0960002                      -6.8045359
               5.1040001                      -6.8579227
                   5.112                       -6.911214
               5.1199999                      -6.9643888
               5.1279998                      -7.0174224
               5.1360002                       -7.070287
               5.1440001                      -7.1229525
                   5.152                      -7.1753832
               5.1599998                      -7.2275415
               5.1680002                      -7.2793867
               5.1760001                      -7.3308721
                   5.184                      -7.3819501
               5.1919999                      -7.4325696
               5.1999998                      -7.4826741
               5.2080002                      -7.5322074
               5.2160001                      -7.5811079
                   5.224                      -7.6293152
               5.2319999                      -7.6767644
               5.2399998                      -7.7233913
               5.2480001                      -7.7691301
                   5.256                       -7.813916
               5.2639999                      -7.8576838
               5.2719998                        -7.90037
               5.2800002                       -7.941912
               5.2880001                      -7.9822504
                   5.296                       -8.021328
               5.3039999                      -8.0590874
               5.3119998                      -8.0954797
               5.3200002                      -8.1304561
               5.3280001                      -8.1639724
                   5.336                      -8.1959879
               5.3439999                      -8.2264657
               5.3520002                      -8.2553732
               5.3600001                      -8.2826824
                   5.368                      -8.3083668
               5.3759999                      -8.3324056
               5.3839998                      -8.3547798
               5.3920002                      -8.3754733
               5.4000001                       -8.394474
                   5.408                      -8.4117702
               5.4159999                      -8.4273543
               5.4239998                      -8.4412172
               5.4320002                      -8.4533548
               5.4400001                        -8.46376
                   5.448                       -8.472431
               5.4559999                      -8.4793627
               5.4640002                      -8.4845531
               5.4720001                      -8.4879981
                    5.48                      -8.4896981
               5.4879999                      -8.4896491
               5.4959998                      -8.4878514
               5.5040002                      -8.4843039
               5.5120001                      -8.4790085
                    5.52                      -8.4719676
               5.5279999                      -8.4631837
               5.5359998                      -8.4526625
               5.5440001                      -8.4404136
                   5.552                      -8.4264458
               5.5599999                      -8.4107728
               5.5679998                      -8.3934114
               5.5760002                      -8.3743813
               5.5840001                      -8.3537058
                   5.592                      -8.3314122
               5.5999999                      -8.3075326
               5.6079998                       -8.282101
               5.6160002                      -8.2551554
               5.6240001                      -8.2267402
                   5.632                         -8.1969
               5.6399999                      -8.1656853
               5.6479998                       -8.133147
               5.6560001                      -8.0993407
                   5.664                      -8.0643238
               5.6719999                      -8.0281533
               5.6799998                      -7.9908922
               5.6880002                      -7.9525992
               5.6960001                      -7.9133376
                   5.704                      -7.8731666
               5.7119999                      -7.8321487
               5.7199998                      -7.7903424
               5.7280002                      -7.7478055
               5.7360001                      -7.7045958
                   5.744                      -7.6607656
               5.7519999                       -7.616368
               5.7600002                      -7.5714524
               5.7680001                      -7.5260647
                   5.776                      -7.4802477
               5.7839999                      -7.4340428
               5.7919998                      -7.3874891
               5.8000002                      -7.3406187
               5.8080001                       -7.293465
                   5.816                      -7.2460578
               5.8239999                      -7.1984234
               5.8319998                      -7.1505874
               5.8400002                      -7.1025719
                   5.848                      -7.0543991
               5.8559999                      -7.0060868
               5.8639998                      -6.9576556
               5.8720002                      -6.9091226
               5.8800001                      -6.8605028
                   5.888                      -6.8118154
               5.8959999                      -6.7630748
               5.9039998                      -6.7142982
               5.9120002                      -6.6655009
               5.9200001                      -6.6167015
                   5.928                      -6.5679165
               5.9359999                      -6.5191619
               5.9439998                      -6.4704585
               5.9520001                      -6.4218237
                    5.96                      -6.3732771
               5.9679999                      -6.3248377
               5.9759998                      -6.2765262
               5.9840002                      -6.2283626
               5.9920001                      -6.1803667
                       6                      -6.1325594
               6.0079999                      -6.0849614
               6.0159998                      -6.0375912
               6.0240002                      -5.9904669
               6.0320001                      -5.9436093
                    6.04                      -5.8970336
               6.0479999                      -5.8507574
               6.0560002                      -5.8047953
               6.0640001                      -5.7591602
                   6.072                      -5.7138657
               6.0799999                      -5.6689218
               6.0879998                      -5.6243373
               6.0960002                      -5.5801192
               6.1040001                      -5.5362747
                   6.112                      -5.4928084
               6.1199999                      -5.4497213
               6.1279998                      -5.4070142
               6.1360002                      -5.3646882
               6.1440001                      -5.3227411
                   6.152                      -5.2811707
               6.1599998                      -5.2399701
               6.1680002                      -5.1991398
               6.1760001                      -5.1586717
                   6.184                      -5.1185601
               6.1919999                      -5.0787981
               6.1999998                      -5.0393813
               6.2080002                      -5.0003014
               6.2160001                      -4.9615545
                   6.224                       -4.923132
               6.2319999                      -4.8850298
               6.2399998                      -4.8472444
               6.2480001                      -4.8097705
                   6.256                      -4.7726058
               6.2639999                      -4.7357457
               6.2719998                      -4.6991905
               6.2800002                       -4.662939
               6.2880001                      -4.6269906
                   6.296                      -4.5913467
               6.3039999                      -4.5560095
               6.3119998                       -4.520981
               6.3200002                      -4.4862626
               6.3280001                      -4.4518602
                   6.336                      -4.4177766
               6.3439999                      -4.3840156
               6.3520002                      -4.3505809
               6.3600001                      -4.3174772
                   6.368                      -4.2847086
               6.3759999                      -4.2522785
               6.3839998                      -4.2201905
               6.3920002                      -4.1884464
               6.4000001                      -4.1570494
                   6.408                      -4.1259996
               6.4159999                      -4.0952993
               6.4239998                      -4.0649465
               6.4320002                      -4.0349417
               6.4400001                      -4.0052812
                   6.448                      -3.9759632
               6.4559999                      -3.9469841
               6.4640002                      -3.9183371
               6.4720001                      -3.8900194
                    6.48                      -3.8620225
               6.4879999                      -3.8343409
               6.4959998                      -3.8069668
               6.5040002                      -3.7798924
               6.5120001                      -3.7531099
                    6.52                       -3.726611
               6.5279999                      -3.7003853
               6.5359998                      -3.6744284
               6.5440001                      -3.6487286
                   6.552                      -3.6232801
               6.5599999                       -3.598076
               6.5679998                      -3.5731083
               6.5760002                      -3.5483708
               6.5840001                      -3.5238583
                   6.592                      -3.4995671
               6.5999999                      -3.4754918
               6.6079998                      -3.4516298
               6.6160002                      -3.4279801
               6.6240001                      -3.4045391
                   6.632                      -3.3813071
               6.6399999                      -3.3582854
               6.6479998                      -3.3354724
               6.6560001                      -3.3128701
                   6.664                      -3.2904808
               6.6719999                      -3.2683076
               6.6799998                      -3.2463515
               6.6880002                      -3.2246148
               6.6960001                      -3.2031017
                   6.704                      -3.1818156
               6.7119999                       -3.160756
               6.7199998                       -3.139928
               6.7280002                      -3.1193319
               6.7360001                      -3.0989697
                   6.744                      -3.0788426
               6.7519999                      -3.0589502
               6.7600002                      -3.0392924
               6.7680001                      -3.0198679
                   6.776                      -3.0006752
               6.7839999                      -2.9817126
               6.7919998                      -2.9629739
               6.8000002                      -2.9444583
               6.8080001                      -2.9261592
                   6.816                      -2.9080725
               6.8239999                      -2.8901916
               6.8319998                        -2.87251
               6.8400002                      -2.8550225
                   6.848                      -2.8377209
               6.8559999                      -2.8205998
               6.8639998                      -2.8036503
               6.8720002                      -2.7868672
               6.8800001                      -2.7702424
                   6.888                      -2.7537717
               6.8959999                      -2.7374467
               6.9039998                      -2.7212625
               6.9120002                      -2.7052147
               6.9200001                      -2.6892991
                   6.928                      -2.6735116
               6.9359999                      -2.6578488
               6.9439998                      -2.6423099
               6.9520001                      -2.6268921
                    6.96                      -2.6115965
               6.9679999                      -2.5964211
               6.9759998                      -2.5813675
               6.9840002                      -2.5664366
               6.9920001                      -2.5516315
                       7                       -2.536954
               7.0079999                      -2.5224058
               7.0159998                      -2.5079907
               7.0240002                      -2.4937124
               7.0320001                      -2.4795734
                    7.04                      -2.4655765
               7.0479999                      -2.4517266
               7.0560002                      -2.4380243
               7.0640001                      -2.4244735
                   7.072                      -2.4110752
               7.0799999                      -2.3978314
               7.0879998                      -2.3847451
               7.0960002                      -2.3718121
               7.1040001                      -2.3590366
                   7.112                      -2.3464148
               7.1199999                       -2.333946
               7.1279998                      -2.3216275
               7.1360002                      -2.3094561
               7.1440001                      -2.2974291
                   7.152                      -2.2855405
               7.1599998                      -2.2737866
               7.1680002                      -2.2621625
               7.1760001                      -2.2506619
                   7.184                        -2.23928
               7.1919999                      -2.2280096
               7.1999998                      -2.2168449
               7.2080002                      -2.2057809
               7.2160001                      -2.1948121
                   7.224                      -2.1839326
               7.2319999                      -2.1731369
               7.2399998                      -2.1624197
               7.2480001                      -2.1517787
                   7.256                      -2.1412094
               7.2639999                      -2.1307091
               7.2719998                      -2.1202756
               7.2800002                      -2.1099084
               7.2880001                      -2.0996064
                   7.296                      -2.0893692
               7.3039999                       -2.079198
               7.3119998                      -2.0690932
               7.3200002                      -2.0590587
               7.3280001                      -2.0490949
                   7.336                      -2.0392065
               7.3439999                      -2.0293957
               7.3520002                      -2.0196674
               7.3600001                      -2.0100238
                   7.368                      -2.0004703
               7.3759999                      -1.9910091
               7.3839998                      -1.9816448
               7.3920002                      -1.9723812
               7.4000001                      -1.9632202
                   7.408                      -1.9541649
               7.4159999                       -1.945218
               7.4239998                        -1.93638
               7.4320002                      -1.9276523
               7.4400001                      -1.9190348
                   7.448                      -1.9105269
               7.4559999                      -1.9021281
               7.4640002                      -1.8938357
               7.4720001                       -1.885647
                    7.48                      -1.8775598
               7.4879999                      -1.8695696
               7.4959998                      -1.8616716
               7.5040002                      -1.8538616
               7.5120001                      -1.8461344
                    7.52                      -1.8384838
               7.5279999                       -1.830906
               7.5359998                      -1.8233941
               7.5440001                       -1.815943
                   7.552                      -1.8085474
               7.5599999                      -1.8012023
               7.5679998                      -1.7939024
               7.5760002                      -1.7866444
               7.5840001                      -1.7794242
                   7.592                      -1.7722391
               7.5999999                      -1.7650861
               7.6079998                      -1.7579645
               7.6160002                      -1.7508726
               7.6240001                      -1.7438106
                   7.632                      -1.7367792
               7.6399999                      -1.7297794
               7.6479998                      -1.7228133
               7.6560001                       -1.715883
                   7.664                      -1.7089932
               7.6719999                      -1.7021448
               7.6799998                      -1.6953448
               7.6880002                      -1.6885952
               7.6960001                      -1.6819002
                   7.704                      -1.6752668
               7.7119999                       -1.668697
               7.7199998                       -1.662195
               7.7280002                      -1.6557663
               7.7360001                      -1.6494127
                   7.744                      -1.6431382
               7.7519999                       -1.636945
               7.7600002                      -1.6308351
               7.7680001                      -1.6248098
                   7.776                      -1.6188697
               7.7839999                      -1.6130132
               7.7919998                      -1.6072412
               7.8000002                      -1.6015505
               7.8080001                      -1.5959387
                   7.816                      -1.5904035
               7.8239999                      -1.5849405
               7.8319998                      -1.5795454
               7.8400002                      -1.5742132
                   7.848                      -1.5689383
               7.8559999                       -1.563717
               7.8639998                      -1.5585415
               7.8720002                      -1.5534078
               7.8800001                      -1.5483084
                   7.888                      -1.5432397
               7.8959999                      -1.5381965
               7.9039998                      -1.5331737
               7.9120002                      -1.5281672
               7.9200001                      -1.5231732
                   7.928                      -1.5181898
               7.9359999                      -1.5132135
               7.9439998                      -1.5082443
               7.9520001                      -1.5032799
                    7.96                      -1.4983226
               7.9679999                      -1.4933725
               7.9759998                      -1.4884312
               7.9840002                      -1.4835014
               7.9920001                      -1.4785866
                       8                        -1.47369
               8.0080004                      -1.4688159
               8.0159998                      -1.4639694
               8.0240002                      -1.4591549
               8.0319996                      -1.4543779
                    8.04                      -1.4496437
               8.0480003                      -1.4449561
               8.0559998                       -1.440321
               8.0640001                      -1.4357426
               8.0719995                      -1.4312254
               8.0799999                      -1.4267723
               8.0880003                      -1.4223862
               8.0959997                      -1.4180694
               8.1040001                      -1.4138242
               8.1120005                      -1.4096497
               8.1199999                      -1.4055458
               8.1280003                      -1.4015117
               8.1359997                      -1.3975474
               8.1440001                      -1.3936474
               8.1520004                      -1.3898089
               8.1599998                      -1.3860278
               8.1680002                         -1.3823
               8.1759996                      -1.3786203
                   8.184                      -1.3749822
               8.1920004                      -1.3713796
               8.1999998                      -1.3678075
               8.2080002                      -1.3642593
               8.2159996                      -1.3607282
                   8.224                      -1.3572094
               8.2320004                      -1.3536969
               8.2399998                      -1.3501861
               8.2480001                      -1.3466718
               8.2559996                      -1.3431518
               8.2639999                      -1.3396221
               8.2720003                       -1.336082
               8.2799997                      -1.3325274
               8.2880001                      -1.3289606
               8.2959995                      -1.3253821
               8.3039999                      -1.3217926
               8.3120003                      -1.3181944
               8.3199997                      -1.3145918
               8.3280001                      -1.3109868
               8.3360004                      -1.3073856
               8.3439999                      -1.3037938
               8.3520002                      -1.3002164
               8.3599997                      -1.2966575
                   8.368                      -1.2931257
               8.3760004                      -1.2896254
               8.3839998                      -1.2861639
               8.3920002                      -1.2827453
               8.3999996                      -1.2793757
                   8.408                      -1.2760597
               8.4160004                      -1.2728018
               8.4239998                      -1.2696043
               8.4320002                      -1.2664706
               8.4399996                      -1.2634024
                   8.448                      -1.2603991
               8.4560003                      -1.2574629
               8.4639997                      -1.2545898
               8.4720001                       -1.251779
               8.4799995                      -1.2490266
               8.4879999                      -1.2463296
               8.4960003                      -1.2436822
               8.5039997                      -1.2410797
               8.5120001                      -1.2385146
               8.5200005                      -1.2359812
               8.5279999                      -1.2334728
               8.5360003                      -1.2309826
               8.5439997                      -1.2285033
                   8.552                      -1.2260274
               8.5600004                      -1.2235489
               8.5679998                      -1.2210621
               8.5760002                      -1.2185616
               8.5839996                      -1.2160408
                   8.592                      -1.2134975
               8.6000004                      -1.2109281
               8.6079998                      -1.2083303
               8.6160002                       -1.205704
               8.6239996                       -1.203047
                   8.632                      -1.2003633
               8.6400003                      -1.1976529
               8.6479998                      -1.1949208
               8.6560001                      -1.1921693
               8.6639996                      -1.1894047
               8.6719999                      -1.1866336
               8.6800003                      -1.1838596
               8.6879997                      -1.1810915
               8.6960001                       -1.178336
               8.7040005                      -1.1756005
               8.7119999                      -1.1728926
               8.7200003                      -1.1702188
               8.7279997                      -1.1675869
               8.7360001                      -1.1650029
               8.7440004                      -1.1624713
               8.7519999                      -1.1599981
               8.7600002                      -1.1575869
               8.7679996                      -1.1552406
                   8.776                      -1.1529605
               8.7840004                      -1.1507485
               8.7919998                      -1.1486029
               8.8000002                      -1.1465221
               8.8079996                      -1.1445035
                   8.816                      -1.1425436
               8.8240004                      -1.1406372
               8.8319998                      -1.1387769
               8.8400002                      -1.1369584
               8.8479996                      -1.1351715
               8.8559999                       -1.133411
               8.8640003                      -1.1316673
               8.8719997                       -1.129931
               8.8800001                      -1.1281954
               8.8879995                      -1.1264513
               8.8959999                       -1.124691
               8.9040003                      -1.1229083
               8.9119997                       -1.121095
               8.9200001                      -1.1192466
               8.9280005                      -1.1173587
               8.9359999                      -1.1154279
               8.9440002                      -1.1134518
               8.9519997                      -1.1114292
                    8.96                      -1.1093612
               8.9680004                      -1.1072499
               8.9759998                      -1.1050979
               8.9840002                      -1.1029096
               8.9919996                      -1.1006903
                       9                      -1.0984473
               9.0080004                      -1.0961875
               9.0159998                      -1.0939186
               9.0240002                      -1.0916503
               9.0319996                      -1.0893915
                    9.04                      -1.0871501
               9.0480003                      -1.0849375
               9.0559998                       -1.082761
               9.0640001                      -1.0806296
               9.0719995                      -1.0785506
               9.0799999                      -1.0765313
               9.0880003                      -1.0745779
               9.0959997                      -1.0726946
               9.1040001                      -1.0708839
               9.1120005                      -1.0691494
               9.1199999                      -1.0674908
               9.1280003                      -1.0659076
               9.1359997                      -1.0643965
               9.1440001                      -1.0629551
               9.1520004                      -1.0615762
               9.1599998                       -1.060255
               9.1680002                      -1.0589823
               9.1759996                      -1.0577511
                   9.184                      -1.0565507
               9.1920004                       -1.055371
               9.1999998                      -1.0542023
               9.2080002                      -1.0530335
               9.2159996                      -1.0518538
                   9.224                      -1.0506535
               9.2320004                      -1.0494222
               9.2399998                       -1.048152
               9.2480001                      -1.0468344
               9.2559996                      -1.0454629
               9.2639999                      -1.0440319
               9.2720003                      -1.0425377
               9.2799997                       -1.040978
               9.2880001                      -1.0393525
               9.2959995                      -1.0376621
               9.3039999                      -1.0359101
               9.3120003                      -1.0341003
               9.3199997                      -1.0322386
               9.3280001                      -1.0303335
               9.3360004                      -1.0283924
               9.3439999                      -1.0264259
               9.3520002                      -1.0244449
               9.3599997                      -1.0224609
                   9.368                      -1.0204851
               9.3760004                      -1.0185301
               9.3839998                      -1.0166077
               9.3920002                      -1.0147292
               9.3999996                      -1.0129047
                   9.408                      -1.0111454
               9.4160004                       -1.009459
               9.4239998                       -1.007853
               9.4320002                      -1.0063324
               9.4399996                      -1.0049027
                   9.448                      -1.0035655
               9.4560003                       -1.002321
               9.4639997                      -1.0011673
               9.4720001                      -1.0001012
               9.4799995                     -0.99911774
               9.4879999                     -0.99820834
               9.4960003                     -0.99736521
               9.5039997                     -0.99657781
               9.5120001                     -0.99583472
               9.5200005                     -0.99512257
               9.5279999                     -0.99442981
               9.5360003                     -0.99374003
               9.5439997                     -0.99304262
                   9.552                     -0.99232134
               9.5600004                     -0.99156433
               9.5679998                       -0.990758
               9.5760002                     -0.98989134
               9.5839996                     -0.98895591
                   9.592                     -0.98794111
               9.6000004                     -0.98684166
               9.6079998                     -0.98565335
               9.6160002                     -0.98437348
               9.6239996                     -0.98300144
                   9.632                     -0.98153914
               9.6400003                       -0.979992
               9.6479998                      -0.9783659
               9.6560001                     -0.97666952
               9.6639996                     -0.97491288
               9.6719999                     -0.97310901
               9.6800003                     -0.97126988
               9.6879997                     -0.96941231
               9.6960001                     -0.96754997
               9.7040005                     -0.96569968
               9.7119999                     -0.96387644
               9.7200003                     -0.96209746
               9.7279997                     -0.96037695
               9.7360001                      -0.9587297
               9.7440004                      -0.9571678
               9.7519999                     -0.95570315
               9.7600002                     -0.95434456
               9.7679996                     -0.95309932
                   9.776                     -0.95197284
               9.7840004                     -0.95096643
               9.7919998                     -0.95008127
               9.8000002                     -0.94931318
               9.8079996                     -0.94865749
                   9.816                     -0.94810666
               9.8240004                     -0.94765016
               9.8319998                     -0.94727523
               9.8400002                      -0.9469671
               9.8479996                      -0.9467115
               9.8559999                     -0.94648971
               9.8640003                     -0.94628384
               9.8719997                     -0.94607539
               9.8800001                     -0.94584513
               9.8879995                     -0.94557569
               9.8959999                     -0.94524754
               9.9040003                     -0.94484606
               9.9119997                     -0.94435521
               9.9200001                     -0.94376128
               9.9280005                     -0.94305479
               9.9359999                     -0.94222675
               9.9440002                     -0.94127322
               9.9519997                      -0.9401897
                    9.96                     -0.93897768
               9.9680004                     -0.93764124
               9.9759998                      -0.9361869
               9.9840002                     -0.93462473
               9.9919996                     -0.93296528
                      10                     -0.93122687

